3312
0 17
1 919
10 1885
100 1917
1000 532
1001 2020
1002 1061
1003 658
1004 408
1005 410
1006 205
1007 483
1008 2840
1009 654
101 2474
1010 879
1011 1393
1012 1869
1013 276
1014 2270
1015 1092
1016 2944
1017 1449
1018 1230
1019 209
102 1660
1020 574
1021 343
1022 1998
1023 1622
1024 2965
1025 948
1026 2830
1027 2676
1028 2821
1029 1036
103 1481
1030 2470
1031 998
1032 1332
1033 2453
1034 1390
1035 3002
1036 3224
1037 764
1038 1808
1039 1420
104 1765
1040 1894
1041 1
1042 768
1043 525
1044 1649
1045 512
1046 910
1047 806
1048 2820
1049 3126
105 361
1050 1227
1051 2150
1052 2296
1053 2809
1054 3004
1055 2641
1056 1221
1057 1231
1058 1217
1059 2267
106 98
1060 1144
1061 354
1062 2436
1063 719
1064 59
1065 2086
1066 2639
1067 2626
1068 2134
1069 2069
107 1086
1070 1220
1071 460
1072 3258
1073 730
1074 873
1075 729
1076 2502
1077 2963
1078 1897
1079 614
108 1197
1080 1690
1081 1900
1082 2818
1083 907
1084 2770
1085 707
1086 30
1087 1439
1088 2627
1089 278
109 20
1090 804
1091 2849
1092 1657
1093 2085
1094 2477
1095 695
1096 1339
1097 640
1098 22
1099 3014
11 2272
110 2090
1100 520
1101 485
1102 2620
1103 3069
1104 3214
1105 2419
1106 1139
1107 798
1108 2478
1109 1034
111 1193
1110 3208
1111 900
1112 3163
1113 2108
1114 1740
1115 1419
1116 1110
1117 2288
1118 484
1119 2
112 1554
1120 2417
1121 844
1122 1514
1123 696
1124 358
1125 912
1126 688
1127 1893
1128 2313
1129 1151
113 416
1130 2876
1131 1748
1132 1138
1133 1477
1134 962
1135 1503
1136 1442
1137 2618
1138 1097
1139 700
114 782
1140 356
1141 1804
1142 146
1143 1461
1144 395
1145 1223
1146 3184
1147 2859
1148 1088
1149 2839
115 874
1150 267
1151 578
1152 2291
1153 2097
1154 1504
1155 2973
1156 2757
1157 2725
1158 1538
1159 2013
116 662
1160 1305
1161 1222
1162 1934
1163 2906
1164 2346
1165 3019
1166 2140
1167 2200
1168 1226
1169 1721
117 2929
1170 1474
1171 2643
1172 1815
1173 603
1174 800
1175 2520
1176 342
1177 1651
1178 642
1179 2232
118 833
1180 2776
1181 812
1182 1174
1183 1845
1184 1524
1185 1717
1186 1642
1187 1741
1188 1813
1189 1689
119 1817
1190 2164
1191 56
1192 144
1193 692
1194 1692
1195 2660
1196 1772
1197 821
1198 1421
1199 1719
12 2219
120 2996
1200 805
1201 1143
1202 1843
1203 545
1204 1687
1205 2255
1206 2413
1207 239
1208 1686
1209 2135
121 1266
1210 2414
1211 2065
1212 1150
1213 2974
1214 255
1215 959
1216 1286
1217 446
1218 1521
1219 2131
122 407
1220 1720
1221 1342
1222 1177
1223 2152
1224 443
1225 2050
1226 2139
1227 748
1228 2311
1229 720
123 1546
1230 57
1231 1235
1232 1087
1233 3284
1234 1424
1235 2000
1236 268
1237 3300
1238 1864
1239 318
124 3211
1240 1285
1241 52
1242 1113
1243 250
1244 2468
1245 621
1246 1805
1247 1029
1248 1037
1249 95
125 742
1250 1771
1251 2628
1252 1716
1253 1811
1254 723
1255 1872
1256 2412
1257 2011
1258 2387
1259 3100
126 2836
1260 3012
1261 3052
1262 1753
1263 2824
1264 1678
1265 1338
1266 1182
1267 2386
1268 1938
1269 1204
127 2093
1270 3099
1271 2059
1272 1416
1273 328
1274 1648
1275 1806
1276 1371
1277 3070
1278 3151
1279 206
128 3198
1280 1529
1281 553
1282 377
1283 2950
1284 101
1285 643
1286 911
1287 2014
1288 2299
1289 2697
129 1766
1290 1868
1291 1876
1292 1108
1293 1669
1294 1135
1295 2017
1296 1646
1297 277
1298 583
1299 2619
13 2492
130 2411
1300 632
1301 1490
1302 914
1303 2208
1304 2103
1305 1423
1306 1354
1307 4
1308 579
1309 763
131 1769
1310 1589
1311 2545
1312 1904
1313 2106
1314 462
1315 1384
1316 2982
1317 2476
1318 1017
1319 1516
132 1575
1320 2391
1321 1750
1322 2426
1323 1518
1324 2737
1325 2677
1326 107
1327 808
1328 2338
1329 2100
133 21
1330 1723
1331 1973
1332 260
1333 634
1334 1912
1335 1939
1336 409
1337 1659
1338 508
1339 331
134 1764
1340 2575
1341 2283
1342 2098
1343 709
1344 1875
1345 2683
1346 3166
1347 1219
1348 1558
1349 1866
135 435
1350 450
1351 527
1352 238
1353 1559
1354 1780
1355 947
1356 1015
1357 1022
1358 2409
1359 459
136 304
1360 2521
1361 2399
1362 2162
1363 2449
1364 457
1365 2657
1366 369
1367 455
1368 946
1369 1306
137 2491
1370 2739
1371 2165
1372 2931
1373 1091
1374 376
1375 810
1376 2548
1377 2400
1378 2269
1379 868
138 1576
1380 2266
1381 1937
1382 1878
1383 1417
1384 2408
1385 2668
1386 2405
1387 1722
1388 2262
1389 3183
139 2167
1390 908
1391 950
1392 2049
1393 341
1394 157
1395 2107
1396 2289
1397 226
1398 3139
1399 3144
14 150
140 1768
1400 3142
1401 1035
1402 2735
1403 1089
1404 802
1405 1216
1406 454
1407 2231
1408 2062
1409 1201
141 1062
1410 1826
1411 766
1412 708
1413 1861
1414 943
1415 949
1416 102
1417 274
1418 1353
1419 2699
142 1188
1420 1275
1421 1282
1422 960
1423 644
1424 2959
1425 799
1426 2084
1427 1134
1428 3009
1429 3008
143 1299
1430 1562
1431 103
1432 589
1433 1268
1434 2748
1435 2746
1436 2747
1437 2261
1438 2099
1439 905
144 1168
1440 1093
1441 491
1442 1892
1443 3114
1444 906
1445 1215
1446 2398
1447 2401
1448 2397
1449 237
145 1494
1450 2166
1451 2016
1452 954
1453 958
1454 329
1455 1634
1456 2310
1457 1922
1458 552
1459 3213
146 743
1460 355
1461 251
1462 869
1463 2285
1464 818
1465 1340
1466 2623
1467 3216
1468 3215
1469 840
147 1375
1470 636
1471 1665
1472 2095
1473 2102
1474 846
1475 3
1476 944
1477 2987
1478 904
1479 25
148 1058
1480 26
1481 1675
1482 843
1483 1588
1484 3167
1485 3225
1486 2451
1487 1485
1488 996
1489 824
149 1458
1490 2004
1491 3003
1492 2724
1493 1905
1494 1441
1495 3054
1496 573
1497 2886
1498 1109
1499 2905
15 2534
150 1453
1500 1218
1501 1005
1502 1006
1503 1643
1504 871
1505 253
1506 1136
1507 270
1508 2130
1509 1676
151 2039
1510 1924
1511 717
1512 1200
1513 2234
1514 51
1515 2136
1516 2101
1517 1935
1518 2210
1519 2209
152 427
1520 3283
1521 1438
1522 1517
1523 2199
1524 1229
1525 2161
1526 360
1527 2964
1528 230
1529 1472
153 535
1530 2768
1531 233
1532 913
1533 1755
1534 3115
1535 3116
1536 1943
1537 158
1538 1038
1539 240
154 402
1540 1176
1541 1175
1542 513
1543 211
1544 1656
1545 1133
1546 164
1547 163
1548 1460
1549 1448
155 1534
1550 2001
1551 2722
1552 697
1553 2726
1554 2727
1555 2552
1556 2553
1557 3088
1558 3089
1559 3223
156 2257
1560 1141
1561 2455
1562 1751
1563 3205
1564 3206
1565 3207
1566 2410
1567 924
1568 2138
1569 2104
157 794
1570 2300
1571 1539
1572 1757
1573 2015
1574 1530
1575 1008
1576 926
1577 1440
1578 2838
1579 397
158 1711
1580 371
1581 2636
1582 951
1583 1688
1584 451
1585 2094
1586 822
1587 820
1588 2312
1589 2314
159 120
1590 2315
1591 2972
1592 2331
1593 2332
1594 2333
1595 2807
1596 2808
1597 939
1598 940
1599 1898
16 1497
160 1401
1600 1902
1601 2105
1602 2800
1603 2678
1604 2416
1605 870
1606 2415
1607 3276
1608 796
1609 698
161 1302
1610 1590
1611 2384
1612 442
1613 2163
1614 1895
1615 767
1616 1621
1617 1759
1618 953
1619 1814
162 2465
1620 2942
1621 2067
1622 1807
1623 2852
1624 1447
1625 1385
1626 444
1627 706
1628 2174
1629 2096
163 1561
1630 154
1631 918
1632 1112
1633 221
1634 1096
1635 2589
1636 1810
1637 809
1638 811
1639 2621
164 1797
1640 1383
1641 1352
1642 100
1643 1147
1644 2742
1645 997
1646 1749
1647 2554
1648 1537
1649 1415
165 177
1650 1370
1651 615
1652 3007
1653 3301
1654 2297
1655 961
1656 12
1657 461
1658 453
1659 269
166 2322
1660 24
1661 23
1662 2517
1663 33
1664 378
1665 1392
1666 1389
1667 108
1668 1140
1669 3147
167 126
1670 3262
1671 3261
1672 2223
1673 263
1674 842
1675 1280
1676 2479
1677 1604
1678 557
1679 765
168 2526
1680 2271
1681 1202
1682 1809
1683 1336
1684 1335
1685 1903
1686 3222
1687 1754
1688 2224
1689 2142
169 2116
1690 1094
1691 3057
1692 2334
1693 3011
1694 1381
1695 523
1696 2045
1697 2046
1698 560
1699 1911
17 990
170 1263
1700 1923
1701 1454
1702 2897
1703 2519
1704 637
1705 647
1706 252
1707 718
1708 514
1709 2284
171 1160
1710 1199
1711 2154
1712 2790
1713 2155
1714 327
1715 456
1716 701
1717 702
1718 2378
1719 2743
172 2175
1720 160
1721 36
1722 2685
1723 231
1724 112
1725 273
1726 1650
1727 50
1728 705
1729 704
173 1443
1730 145
1731 452
1732 448
1733 2658
1734 2659
1735 463
1736 458
1737 464
1738 1906
1739 2559
174 665
1740 835
1741 2220
1742 613
1743 1243
1744 2268
1745 1203
1746 575
1747 153
1748 2379
1749 2771
175 2895
1750 3053
1751 2754
1752 2590
1753 2173
1754 1351
1755 1847
1756 2514
1757 2406
1758 2407
1759 2450
176 91
1760 1105
1761 359
1762 2380
1763 165
1764 62
1765 1283
1766 834
1767 3015
1768 3013
1769 797
177 1190
1770 1273
1771 1272
1772 445
1773 1896
1774 2962
1775 2497
1776 801
1777 1510
1778 3035
1779 2201
178 1855
1780 2298
1781 357
1782 927
1783 1666
1784 2513
1785 2510
1786 2515
1787 724
1788 546
1789 2335
179 1024
1790 2508
1791 945
1792 1512
1793 1511
1794 1486
1795 2347
1796 106
1797 55
1798 2599
1799 1180
18 1840
180 197
1800 3031
1801 234
1802 2549
1803 1178
1804 1910
1805 1640
1806 1641
1807 1184
1808 1619
1809 814
181 180
1810 1382
1811 58
1812 604
1813 595
1814 1513
1815 3056
1816 54
1817 2853
1818 2418
1819 565
182 1343
1820 2797
1821 2425
1822 2877
1823 616
1824 2176
1825 2172
1826 2202
1827 1636
1828 524
1829 2801
183 43
1830 2143
1831 2652
1832 10
1833 11
1834 1849
1835 1851
1836 1846
1837 1848
1838 1850
1839 2945
184 296
1840 490
1841 1844
1842 699
1843 1907
1844 3010
1845 645
1846 567
1847 2593
1848 1540
1849 1541
185 47
1850 551
1851 223
1852 2010
1853 952
1854 1106
1855 901
1856 3006
1857 684
1858 683
1859 691
186 971
1860 1137
1861 1183
1862 1563
1863 823
1864 694
1865 2058
1866 1803
1867 2381
1868 3005
1869 32
187 857
1870 956
1871 1760
1872 1484
1873 31
1874 2858
1875 1620
1876 1118
1877 1007
1878 1337
1879 3106
188 1499
1880 2012
1881 710
1882 2083
1883 1746
1884 1752
1885 1747
1886 639
1887 703
1888 1839
1889 1877
189 413
1890 1812
1891 909
1892 1647
1893 526
1894 528
1895 201
1896 340
1897 344
1898 537
1899 536
19 1782
190 3028
1900 1341
1901 631
1902 1974
1903 1556
1904 2932
1905 2675
1906 562
1907 1999
1908 2141
1909 2988
191 1978
1910 1040
1911 1039
1912 1873
1913 2971
1914 2555
1915 2507
1916 1758
1917 580
1918 60
1919 35
192 2574
1920 34
1921 203
1922 630
1923 2063
1924 803
1925 2845
1926 1874
1927 2509
1928 2511
1929 559
193 1580
1930 1668
1931 618
1932 872
1933 1281
1934 2359
1935 925
1936 928
1937 550
1938 1192
1939 1090
194 476
1940 581
1941 2467
1942 1228
1943 353
1944 638
1945 641
1946 2448
1947 2454
1948 2170
1949 2171
195 1981
1950 1899
1951 1662
1952 3081
1953 1107
1954 635
1955 957
1956 1418
1957 2233
1958 261
1959 262
196 2074
1960 1492
1961 2640
1962 2644
1963 2642
1964 1715
1965 1557
1966 1459
1967 275
1968 1146
1969 1564
197 1762
1970 3141
1971 3140
1972 1145
1973 2759
1974 813
1975 2758
1976 1858
1977 807
1978 236
1979 375
198 1628
1980 511
1981 2048
1982 2260
1983 2263
1984 1502
1985 449
1986 1787
1987 1624
1988 1623
1989 314
199 1430
1990 2546
1991 202
1992 3055
1993 3058
1994 566
1995 2303
1996 2302
1997 2301
1998 1434
1999 556
2 2871
20 2369
200 2482
2000 646
2001 2388
2002 955
2003 1487
2004 254
2005 259
2006 256
2007 1391
2008 2282
2009 1658
201 1444
2010 29
2011 28
2012 27
2013 1304
2014 2452
2015 2456
2016 3020
2017 3021
2018 2018
2019 3143
202 504
2020 3150
2021 1972
2022 2512
2023 584
2024 272
2025 2002
2026 1303
2027 2087
2028 1395
2029 1394
203 773
2030 2740
2031 1865
2032 1536
2033 1535
2034 2047
2035 1729
2036 0
2037 5
2038 2907
2039 2908
204 2274
2040 1396
2041 2637
2042 2949
2043 370
2044 1179
2045 2622
2046 2120
2047 2121
2048 563
2049 577
205 3169
2050 510
2051 339
2052 2003
2053 330
2054 1635
2055 1637
2056 1638
2057 2147
2058 2226
2059 2225
206 1369
2060 1142
2061 1016
2062 3247
2063 2819
2064 316
2065 847
2066 1890
2067 3098
2068 2682
2069 2684
207 2306
2070 2249
2071 2604
2072 1633
2073 923
2074 1901
2075 2844
2076 622
2077 1778
2078 558
2079 1936
208 735
2080 633
2081 1422
2082 1013
2083 1014
2084 1742
2085 2435
2086 2434
2087 2433
2088 2930
2089 2432
209 2462
2090 2741
2091 1191
2092 447
2093 227
2094 582
2095 586
2096 1655
2097 374
2098 2605
2099 2153
21 1663
210 350
2100 2081
2101 2082
2102 2080
2103 3068
2104 1739
2105 396
2106 2177
2107 2601
2108 2600
2109 257
211 2031
2110 258
2111 693
2112 509
2113 845
2114 61
2115 2137
2116 1587
2117 1331
2118 271
2119 1942
212 1738
2120 1971
2121 2151
2122 2345
2123 1274
2124 1867
2125 1198
2126 3248
2127 3249
2128 2469
2129 2042
213 67
2130 2041
2131 2043
2132 492
2133 486
2134 716
2135 1691
2136 159
2137 2066
2138 2943
2139 1095
214 496
2140 2696
2141 2810
2142 2969
2143 2970
2144 2968
2145 1639
2146 3076
2147 2068
2148 587
2149 315
215 624
2150 588
2151 590
2152 605
2153 3032
2154 13
2155 2385
2156 3257
2157 1236
2158 2769
2159 585
216 1618
2160 1148
2161 544
2162 3077
2163 2917
2164 2918
2165 1111
2166 1475
2167 1802
2168 235
2169 1473
217 2613
2170 487
2171 488
2172 489
2173 2666
2174 2667
2175 576
2176 2144
2177 3041
2178 2673
2179 3165
218 1030
2180 930
2181 1870
2182 2745
2183 405
2184 467
2185 1010
2186 2649
2187 3259
2188 3146
2189 2531
219 1413
2190 3135
2191 2578
2192 3250
2193 104
2194 3242
2195 2786
2196 139
2197 2785
2198 612
2199 1568
22 832
220 2481
2200 3164
2201 2077
2202 207
2203 2999
2204 3023
2205 1386
2206 2762
2207 48
2208 1470
2209 2787
221 2026
2210 722
2211 3092
2212 1706
2213 2402
2214 1348
2215 2991
2216 903
2217 2803
2218 1173
2219 2714
222 2874
2220 2190
2221 1681
2222 2486
2223 2663
2224 1427
2225 2885
2226 1888
2227 772
2228 1125
2229 1824
223 2694
2230 2911
2231 2181
2232 933
2233 680
2234 1946
2235 3173
2236 105
2237 2881
2238 2556
2239 2319
224 287
2240 2325
2241 2978
2242 1680
2243 2794
2244 1098
2245 894
2246 3196
2247 570
2248 2635
2249 1586
225 2638
2250 3275
2251 601
2252 313
2253 2236
2254 2115
2255 2265
2256 2960
2257 2252
2258 2669
2259 1355
226 1835
2260 2211
2261 468
2262 1954
2263 593
2264 2664
2265 3022
2266 1732
2267 2188
2268 3160
2269 1467
227 1403
2270 1949
2271 2360
2272 2229
2273 2281
2274 1181
2275 721
2276 1239
2277 2707
2278 1724
2279 2951
228 1854
2280 1880
2281 611
2282 1543
2283 2936
2284 3038
2285 1103
2286 2923
2287 3063
2288 2501
2289 1523
229 1189
2290 2259
2291 3051
2292 1155
2293 1032
2294 3192
2295 2919
2296 3033
2297 1940
2298 380
2299 1775
23 1297
230 744
2300 1570
2301 731
2302 3036
2303 2533
2304 3235
2305 981
2306 465
2307 2967
2308 2702
2309 2483
231 392
2310 898
2311 2500
2312 2566
2313 2882
2314 2992
2315 3292
2316 2277
2317 3238
2318 2756
2319 2356
232 2030
2320 1606
2321 3152
2322 931
2323 2924
2324 2795
2325 3254
2326 3093
2327 2592
2328 2044
2329 3026
233 1207
2330 3060
2331 2242
2332 829
2333 1952
2334 1603
2335 2926
2336 2692
2337 1279
2338 1253
2339 2804
234 419
2340 1613
2341 1889
2342 1829
2343 672
2344 8
2345 2912
2346 2194
2347 2866
2348 1695
2349 2632
235 2133
2350 1548
2351 689
2352 1990
2353 2424
2354 1625
2355 1592
2356 466
2357 1626
2358 431
2359 3128
236 1856
2360 3047
2361 1436
2362 607
2363 2336
2364 517
2365 3294
2366 572
2367 3104
2368 3282
2369 1644
237 1078
2370 2687
2371 2563
2372 2831
2373 2390
2374 620
2375 1465
2376 628
2377 1000
2378 2527
2379 1052
238 381
2380 2955
2381 432
2382 2488
2383 1532
2384 3303
2385 1244
2386 3221
2387 519
2388 3025
2389 2854
239 1256
2390 895
2391 2713
2392 3203
2393 687
2394 1242
2395 3175
2396 3268
2397 1241
2398 2884
2399 1853
24 2027
240 494
2400 1612
2401 1607
2402 1324
2403 2894
2404 1996
2405 1326
2406 2278
2407 2254
2408 2806
2409 2122
241 1057
2410 3029
2411 3280
2412 1953
2413 1799
2414 2560
2415 1232
2416 750
2417 3240
2418 516
2419 166
242 740
2420 619
2421 1927
2422 2564
2423 1708
2424 2371
2425 2822
2426 2693
2427 1362
2428 1320
2429 248
243 2837
2430 3264
2431 3017
2432 1328
2433 2704
2434 3162
2435 1933
2436 2186
2437 625
2438 754
2439 3265
244 122
2440 2823
2441 1287
2442 1361
2443 1932
2444 1602
2445 3187
2446 1069
2447 916
2448 3080
2449 3229
245 653
2450 2316
2451 3118
2452 3111
2453 3236
2454 1969
2455 1164
2456 9
2457 3239
2458 2330
2459 2609
246 2392
2460 109
2461 2443
2462 1249
2463 539
2464 114
2465 758
2466 384
2467 2524
2468 936
2469 2113
247 2207
2470 2525
2471 170
2472 3072
2473 1986
2474 1707
2475 2811
2476 2670
2477 1506
2478 2766
2479 1989
248 394
2480 1074
2481 3182
2482 942
2483 896
2484 3133
2485 899
2486 1774
2487 1050
2488 3251
2489 2712
249 2656
2490 2937
2491 2665
2492 676
2493 2718
2494 1119
2495 2629
2496 2070
2497 675
2498 1705
2499 2579
25 481
250 2304
2500 1951
2501 299
2502 999
2503 830
2504 2784
2505 2598
2506 3037
2507 2793
2508 2990
2509 1609
251 132
2510 1944
2511 3272
2512 2744
2513 2985
2514 2752
2515 1800
2516 3101
2517 3103
2518 3138
2519 2114
252 2734
2520 3200
2521 2472
2522 3232
2523 3016
2524 2495
2525 1070
2526 3159
2527 2327
2528 1830
2529 1674
253 1211
2530 2550
2531 752
2532 762
2533 759
2534 1777
2535 1987
2536 1879
2537 3217
2538 2484
2539 1009
254 1002
2540 934
2541 2902
2542 2903
2543 2241
2544 2239
2545 2607
2546 2577
2547 64
2548 1696
2549 3109
255 497
2550 1152
2551 2777
2552 770
2553 1325
2554 2264
2555 1334
2556 1975
2557 2471
2558 1426
2559 2393
256 79
2560 2890
2561 2354
2562 3078
2563 3079
2564 3127
2565 2423
2566 2487
2567 2485
2568 2947
2569 2889
257 1733
2570 1684
2571 1685
2572 2730
2573 629
2574 1597
2575 2320
2576 3129
2577 2056
2578 2934
2579 1630
258 2614
2580 1367
2581 2891
2582 1926
2583 1773
2584 1364
2585 1632
2586 1363
2587 2986
2588 1126
2589 2826
259 1479
2590 2671
2591 678
2592 2989
2593 1567
2594 3252
2595 3253
2596 3212
2597 1825
2598 1697
2599 1881
26 321
260 793
2600 281
2601 2648
2602 2364
2603 2362
2604 1838
2605 2112
2606 2898
2607 2899
2608 2900
2609 1988
261 2051
2610 1309
2611 3179
2612 3180
2613 2111
2614 1099
2615 1104
2616 1100
2617 1102
2618 1101
2619 1533
262 471
2620 2460
2621 2459
2622 2006
2623 2698
2624 7
2625 2180
2626 2179
2627 2940
2628 2956
2629 749
263 322
2630 3153
2631 3181
2632 49
2633 2057
2634 2532
2635 3096
2636 3097
2637 2910
2638 1605
2639 2463
264 2841
2640 2464
2641 168
2642 2647
2643 3074
2644 3075
2645 3073
2646 1542
2647 2256
2648 3309
2649 2182
265 475
2650 1483
2651 1593
2652 2361
2653 2781
2654 1478
2655 3311
2656 3243
2657 915
2658 917
2659 1316
266 542
2660 1482
2661 1307
2662 1925
2663 2595
2664 2594
2665 1679
2666 3260
2667 757
2668 1246
2669 540
267 1661
2670 1247
2671 3266
2672 1365
2673 1737
2674 2860
2675 2763
2676 1359
2677 406
2678 3267
2679 3204
268 429
2680 2295
2681 2218
2682 2529
2683 2528
2684 2530
2685 2815
2686 326
2687 2124
2688 2123
2689 2125
269 1214
2690 3310
2691 2977
2692 3178
2693 2389
2694 2597
2695 1704
2696 2933
2697 677
2698 679
2699 1288
27 3107
270 1784
2700 2421
2701 2353
2702 2946
2703 1997
2704 2365
2705 2445
2706 3186
2707 2764
2708 1919
2709 2217
271 881
2710 2440
2711 753
2712 2975
2713 2780
2714 3277
2715 2812
2716 1725
2717 1726
2718 2196
2719 2195
272 837
2720 2466
2721 1871
2722 3306
2723 3305
2724 1357
2725 3263
2726 2473
2727 2522
2728 82
2729 2888
273 1290
2730 2198
2731 2827
2732 3158
2733 2631
2734 2366
2735 3148
2736 2674
2737 2672
2738 2251
2739 441
274 778
2740 2403
2741 3279
2742 1515
2743 3064
2744 1356
2745 1127
2746 2634
2747 1976
2748 1977
2749 2582
275 363
2750 2952
2751 1781
2752 2216
2753 515
2754 2079
2755 2078
2756 2690
2757 2948
2758 3219
2759 1308
276 472
2760 597
2761 2439
2762 3024
2763 3034
2764 2861
2765 229
2766 1837
2767 2773
2768 3291
2769 1252
277 2767
2770 1366
2771 2293
2772 2441
2773 3090
2774 1023
2775 2189
2776 2187
2777 2227
2778 1358
2779 1429
278 111
2780 1425
2781 3202
2782 2055
2783 3091
2784 1323
2785 1327
2786 3220
2787 3286
2788 3285
2789 1519
279 346
2790 3185
2791 81
2792 2438
2793 1549
2794 1522
2795 53
2796 352
2797 1585
2798 3227
2799 2586
28 93
280 1457
2800 3287
2801 3288
2802 2374
2803 2979
2804 2494
2805 2708
2806 2710
2807 2709
2808 1627
2809 2363
281 1162
2810 1071
2811 1887
2812 1012
2813 755
2814 2788
2815 2789
2816 1531
2817 3071
2818 2340
2819 2339
282 2516
2820 2214
2821 3161
2822 2645
2823 1310
2824 2007
2825 1918
2826 564
2827 373
2828 1432
2829 2328
283 399
2830 3050
2831 2966
2832 2921
2833 1360
2834 2856
2835 2686
2836 430
2837 2308
2838 2309
2839 2583
284 1372
2840 1862
2841 2679
2842 2680
2843 1238
2844 771
2845 1349
2846 3137
2847 1185
2848 2864
2849 2863
285 295
2850 1166
2851 1165
2852 3298
2853 3299
2854 2719
2855 173
2856 1779
2857 3297
2858 1891
2859 2005
286 1786
2860 2867
2861 301
2862 3094
2863 2457
2864 1051
2865 2427
2866 3177
2867 2654
2868 385
2869 2847
287 669
2870 2875
2871 2961
2872 3304
2873 372
2874 1991
2875 1508
2876 2447
2877 2355
2878 2351
2879 2817
288 2126
2880 2009
2881 3039
2882 2307
2883 1928
2884 3295
2885 3049
2886 2372
2887 2370
2888 2373
2889 2215
289 1020
2890 3084
2891 2237
2892 1569
2893 63
2894 1731
2895 2539
2896 2538
2897 2537
2898 610
2899 1388
29 2156
290 310
2900 1387
2901 143
2902 2901
2903 3042
2904 3274
2905 980
2906 3134
2907 1547
2908 1248
2909 167
291 293
2910 3117
2911 3000
2912 3237
2913 2523
2914 1509
2915 2850
2916 2887
2917 732
2918 3083
2919 2916
292 1209
2920 3302
2921 2054
2922 2053
2923 815
2924 2019
2925 3246
2926 1041
2927 2337
2928 2646
2929 2655
293 68
2930 169
2931 674
2932 3095
2933 2329
2934 2701
2935 929
2936 2846
2937 1317
2938 1318
2939 3278
294 1794
2940 3193
2941 2855
2942 2851
2943 3121
2944 2904
2945 1591
2946 1520
2947 2446
2948 606
2949 2292
295 849
2950 3085
2951 594
2952 602
2953 3086
2954 600
2955 596
2956 3087
2957 591
2958 599
2959 592
296 482
2960 1995
2961 437
2962 3209
2963 2857
2964 2543
2965 627
2966 1672
2967 1671
2968 3270
2969 345
297 294
2970 521
2971 3241
2972 1992
2973 3048
2974 2957
2975 978
2976 2461
2977 2008
2978 3188
2979 2753
298 983
2980 1043
2981 3110
2982 2765
2983 2145
2984 1970
2985 1967
2986 1968
2987 2197
2988 2833
2989 2832
299 2429
2990 2928
2991 3269
2992 3174
2993 2499
2994 1594
2995 228
2996 2240
2997 2245
2998 282
2999 351
3 2505
30 317
300 1063
3000 1744
3001 1445
3002 2326
3003 3130
3004 1153
3005 349
3006 347
3007 2230
3008 225
3009 224
301 892
3010 3132
3011 3131
3012 518
3013 682
3014 1412
3015 1410
3016 2557
3017 2558
3018 2941
3019 2653
302 131
3020 751
3021 1476
3022 1428
3023 379
3024 3199
3025 2829
3026 3157
3027 3156
3028 116
3029 2706
303 819
3030 3234
3031 1329
3032 1505
3033 937
3034 3197
3035 3195
3036 298
3037 2802
3038 2343
3039 2721
304 2503
3040 1120
3041 1233
3042 1011
3043 46
3044 902
3045 2342
3046 2349
3047 3149
3048 2258
3049 1734
305 2029
3050 1735
3051 1947
3052 1945
3053 1950
3054 1948
3055 2611
3056 2610
3057 2377
3058 2422
3059 1254
306 1264
3060 194
3061 193
3062 192
3063 3218
3064 2909
3065 2749
3066 2750
3067 2751
3068 2814
3069 2813
307 302
3070 1645
3071 2382
3072 2383
3073 2720
3074 2792
3075 3230
3076 3194
3077 2958
3078 2235
3079 1920
308 1788
3080 1921
3081 828
3082 825
3083 827
3084 826
3085 38
3086 2596
3087 279
3088 2228
3089 2976
309 1298
3090 2221
3091 2580
3092 2375
3093 1882
3094 1330
3095 3046
3096 3043
3097 3045
3098 2760
3099 2761
31 117
310 217
3100 338
3101 336
3102 337
3103 2535
3104 2536
3105 1994
3106 1319
3107 1276
3108 3102
3109 280
311 398
3110 1333
3111 1718
3112 2711
3113 2798
3114 2318
3115 1682
3116 2324
3117 45
3118 979
3119 2691
312 2603
3120 2953
3121 3082
3122 477
3123 561
3124 1278
3125 897
3126 3296
3127 2873
3128 2585
3129 2367
313 187
3130 858
3131 2458
3132 2250
3133 1798
3134 1801
3135 3040
3136 3289
3137 3290
3138 3108
3139 2650
314 788
3140 2565
3141 1736
3142 1251
3143 2544
3144 2935
3145 3136
3146 2568
3147 2570
3148 2571
3149 2567
315 1259
3150 2569
3151 2715
3152 3226
3153 1033
3154 2608
3155 247
3156 404
3157 2883
3158 1313
3159 403
316 663
3160 2922
3161 2920
3162 115
3163 2321
3164 1614
3165 2437
3166 2828
3167 1600
3168 1599
3169 1411
317 428
3170 2848
3171 2662
3172 2893
3173 598
3174 83
3175 2796
3176 673
3177 1322
3178 1321
3179 2729
318 1270
3180 300
3181 3176
3182 3044
3183 712
3184 1836
3185 1049
3186 433
3187 2584
3188 569
3189 571
319 436
3190 2323
3191 541
3192 2731
3193 3191
3194 1172
3195 2633
3196 2222
3197 3105
3198 2060
3199 2061
32 1245
320 967
3200 2925
3201 2350
3202 935
3203 932
3204 2376
3205 2736
3206 3273
3207 2253
3208 2480
3209 686
321 1027
3210 522
3211 1463
3212 1469
3213 1464
3214 1466
3215 3062
3216 1468
3217 1598
3218 2705
3219 1433
322 2357
3220 1993
3221 2591
3222 1930
3223 3233
3224 2862
3225 3271
3226 2193
3227 2192
3228 6
3229 1489
323 19
3230 1488
3231 2420
3232 2244
3233 2243
3234 3061
3235 1350
3236 1073
3237 3066
3238 3067
3239 2442
324 1456
3240 1929
3241 2110
3242 2109
3243 3228
3244 756
3245 3112
3246 3113
3247 2927
3248 1408
3249 1042
325 1555
3250 2997
3251 2998
3252 1572
3253 1667
3254 1941
3255 1437
3256 2782
3257 2561
3258 2404
3259 1507
326 977
3260 2868
3261 2869
3262 617
3263 2870
3264 2581
3265 1745
3266 172
3267 171
3268 1044
3269 2913
327 1677
3270 2703
3271 2700
3272 2774
3273 2880
3274 690
3275 3030
3276 2317
3277 2294
3278 2352
3279 142
328 789
3280 3059
3281 1931
3282 2993
3283 3119
3284 3120
3285 3293
3286 626
3287 2983
3288 2984
3289 1409
329 781
3290 1601
3291 922
3292 2825
3293 769
3294 2630
3295 2716
3296 1982
3297 2816
3298 3065
3299 1124
33 1560
330 2490
3300 3145
3301 1610
3302 3308
3303 1852
3304 2892
3305 1471
3306 3307
3307 1446
3308 3189
3309 3190
331 1693
3310 312
3311 2498
332 1828
333 2206
334 2073
335 2290
336 2037
337 670
338 863
339 1312
34 283
340 667
341 151
342 2612
343 1908
344 1683
345 176
346 244
347 191
348 1258
349 941
35 1961
350 976
351 1629
352 1631
353 265
354 264
355 418
356 417
357 1527
358 348
359 1154
36 784
360 2396
361 2541
362 140
363 1373
364 125
365 1068
366 1526
367 884
368 982
369 1084
37 113
370 438
371 2980
372 1379
373 470
374 75
375 2149
376 2651
377 2021
378 2625
379 2287
38 1959
380 1378
381 40
382 415
383 1194
384 1195
385 502
386 501
387 649
388 1965
389 2071
39 880
390 86
391 414
392 2089
393 1158
394 1159
395 3201
396 854
397 1743
398 2588
399 242
4 1795
40 746
400 1046
401 713
402 1048
403 1047
404 711
405 715
406 2717
407 2279
408 866
409 1979
41 1065
410 661
411 745
412 2395
413 383
414 817
415 15
416 1059
417 1820
418 1060
419 1171
42 1914
420 1208
421 266
422 97
423 2185
424 400
425 324
426 323
427 289
428 2444
429 1205
43 963
430 1206
431 148
432 1291
433 1289
434 648
435 182
436 183
437 1269
438 469
439 127
44 162
440 1886
441 232
442 530
443 2475
444 291
445 292
446 2878
447 66
448 1819
449 1653
45 1295
450 1345
451 1122
452 44
453 1064
454 3001
455 2791
456 368
457 3155
458 3154
459 286
46 507
460 401
461 480
462 212
463 1380
464 1700
465 2119
466 2118
467 2341
468 2430
469 96
47 69
470 215
471 118
472 1496
473 1551
474 1149
475 2779
476 2783
477 243
478 2212
479 2896
48 538
480 747
481 128
482 1571
483 123
484 1980
485 2939
486 2938
487 988
488 878
489 1913
49 181
490 2661
491 994
492 660
493 1170
494 1552
495 734
496 1187
497 1495
498 2865
499 2305
5 889
50 76
500 2431
501 332
502 333
503 2184
504 119
505 920
506 650
507 1368
508 1616
509 666
51 135
510 728
511 1501
512 2834
513 2286
514 18
515 974
516 478
517 216
518 1796
519 2738
52 883
520 1553
521 421
522 94
523 1212
524 141
525 1123
526 852
527 506
528 3281
529 1983
53 1301
530 1776
531 1500
532 2394
533 1018
534 1019
535 78
536 1578
537 1377
538 2562
539 838
54 87
540 309
541 1031
542 1493
543 2688
544 155
545 1785
546 2169
547 121
548 2695
549 199
55 138
550 2496
551 1131
552 2146
553 80
554 99
555 860
556 1730
557 1884
558 3018
559 1402
56 921
560 1654
561 1831
562 2358
563 1300
564 853
565 2128
566 727
567 1615
568 1713
569 877
57 795
570 659
571 420
572 198
573 424
574 218
575 366
576 1224
577 685
578 388
579 1964
58 284
580 473
581 862
582 2576
583 1577
584 493
585 851
586 533
587 2542
588 1793
589 1767
59 184
590 1128
591 1451
592 2088
593 1963
594 739
595 738
596 1186
597 387
598 2038
599 2191
6 1315
60 534
600 876
601 991
602 1857
603 890
604 185
605 39
606 1431
607 2573
608 382
609 208
61 2617
610 439
611 986
612 882
613 1985
614 608
615 2091
616 219
617 2127
618 503
619 213
62 1566
620 1056
621 1055
622 664
623 1054
624 2728
625 1053
626 1237
627 3124
628 249
629 975
63 786
630 2148
631 655
632 1789
633 1414
634 2183
635 993
636 2076
637 1455
638 2348
639 386
64 1314
640 1573
641 189
642 2616
643 188
644 985
645 220
646 200
647 1763
648 2428
649 2799
65 1028
650 2275
651 1083
652 2117
653 2540
654 495
655 1085
656 1702
657 1701
658 195
659 657
66 1694
660 856
661 774
662 2035
663 887
664 334
665 1114
666 2835
667 733
668 422
669 1210
67 88
670 3168
671 875
672 623
673 84
674 776
675 671
676 1966
677 156
678 161
679 1132
68 893
680 411
681 393
682 1260
683 859
684 16
685 1121
686 839
687 555
688 423
689 425
69 479
690 1770
691 1075
692 1596
693 714
694 297
695 1491
696 609
697 285
698 364
699 335
7 1130
70 656
700 1525
701 365
702 1528
703 2247
704 1255
705 1292
706 124
707 2024
708 1617
709 2023
71 3027
710 1756
711 85
712 1406
713 41
714 89
715 440
716 434
717 389
718 2036
719 190
72 777
720 1582
721 651
722 652
723 305
724 2733
725 1611
726 1958
727 1115
728 1565
729 970
73 2994
730 965
731 2168
732 547
733 1294
734 2954
735 779
736 969
737 968
738 1699
739 1698
74 3244
740 2159
741 505
742 2778
743 1079
744 77
745 865
746 130
747 129
748 362
749 2506
75 1783
750 1407
751 1296
752 1544
753 245
754 725
755 134
756 2072
757 1584
758 1583
759 1581
76 2129
760 1579
761 2205
762 2547
763 74
764 1267
765 1374
766 1271
767 1550
768 1117
769 325
77 1311
770 2178
771 850
772 831
773 1004
774 222
775 178
776 3123
777 1072
778 71
779 204
78 1021
780 319
781 2518
782 1727
783 307
784 308
785 964
786 1962
787 736
788 1832
789 2132
79 110
790 989
791 1498
792 2157
793 2158
794 500
795 1670
796 2028
797 836
798 42
799 1067
8 1790
80 1213
800 65
801 1728
802 726
803 1066
804 133
805 288
806 2772
807 2602
808 2344
809 2551
81 855
810 1818
811 1823
812 2025
813 791
814 303
815 2842
816 1262
817 1161
818 568
819 2504
82 196
820 2587
821 681
822 741
823 3125
824 2732
825 1026
826 2203
827 1240
828 210
829 426
83 1257
830 1827
831 886
832 1916
833 2368
834 885
835 1957
836 1955
837 1956
838 1196
839 2022
84 1080
840 1673
841 2624
842 390
843 737
844 3255
845 1435
846 668
847 179
848 891
849 2572
85 214
850 186
851 2689
852 783
853 1462
854 1822
855 1277
856 3231
857 175
858 2681
859 2160
86 320
860 498
861 1163
862 548
863 174
864 1860
865 1284
866 1261
867 152
868 149
869 1909
87 2755
870 992
871 2238
872 70
873 1225
874 246
875 1834
876 867
877 2034
878 2775
879 1167
88 841
880 2213
881 3210
882 848
883 3122
884 2489
885 2033
886 984
887 554
888 474
889 2915
89 1833
890 2914
891 1859
892 2248
893 2246
894 2995
895 2981
896 391
897 1883
898 1761
899 1652
9 792
90 549
900 1821
901 864
902 861
903 2052
904 367
905 543
906 2280
907 1169
908 780
909 2879
91 2064
910 1346
911 938
912 2204
913 3170
914 1595
915 1293
916 787
917 1452
918 1025
919 1915
92 1960
920 1129
921 1001
922 2606
923 888
924 2723
925 147
926 1480
927 1376
928 2493
929 1664
93 73
930 1841
931 1791
932 499
933 1714
934 412
935 1076
936 760
937 761
938 1710
939 1156
94 290
940 1157
941 1709
942 966
943 1082
944 2615
945 2273
946 1863
947 2092
948 790
949 785
95 816
950 987
951 241
952 1792
953 14
954 311
955 1984
956 529
957 2276
958 3256
959 2843
96 3171
960 1234
961 995
962 2872
963 2040
964 1816
965 1250
966 972
967 72
968 1116
969 1045
97 775
970 1712
971 137
972 136
973 2075
974 2805
975 1574
976 1347
977 1003
978 1450
979 1077
98 1344
980 1398
981 1397
982 1265
983 1405
984 973
985 1404
986 1081
987 90
988 2032
989 1400
99 306
990 1399
991 3245
992 1608
993 37
994 1545
995 1703
996 1842
997 3172
998 531
999 92
