3312
0 816
1 2077
10 1627
100 1622
1000 964
1001 770
1002 1082
1003 318
1004 451
1005 888
1006 25
1007 1161
1008 3076
1009 319
101 473
1010 2577
1011 2676
1012 1014
1013 1024
1014 398
1015 5
1016 3149
1017 239
1018 954
1019 635
102 1971
1020 1421
1021 1414
1022 1800
1023 2590
1024 1484
1025 3045
1026 1178
1027 2814
1028 2735
1029 606
103 1242
1030 1761
1031 1565
1032 3255
1033 1282
1034 2680
1035 1093
1036 3289
1037 137
1038 508
1039 2120
104 371
1040 135
1041 550
1042 132
1043 825
1044 932
1045 745
1046 15
1047 1035
1048 2734
1049 2927
105 286
1050 1787
1051 1679
1052 957
1053 2709
1054 1095
1055 1047
1056 2609
1057 2431
1058 1644
1059 395
106 1569
1060 2765
1061 35
1062 2473
1063 488
1064 2283
1065 1147
1066 1049
1067 1254
1068 614
1069 2855
107 670
1070 10
1071 1764
1072 3020
1073 1070
1074 2266
1075 1067
1076 553
1077 1482
1078 552
1079 703
108 2336
1080 410
1081 600
1082 1533
1083 1646
1084 975
1085 2730
1086 2986
1087 2389
1088 1641
1089 1027
109 1101
1090 1861
1091 2760
1092 1455
1093 1146
1094 1960
1095 2763
1096 2104
1097 1846
1098 1128
1099 2599
11 2714
110 2012
1100 540
1101 1271
1102 976
1103 756
1104 3002
1105 2229
1106 1590
1107 1860
1108 1962
1109 607
111 2740
1110 3122
1111 2044
1112 1717
1113 2557
1114 1385
1115 673
1116 531
1117 3310
1118 2891
1119 551
112 2314
1120 2226
1121 2786
1122 542
1123 2764
1124 786
1125 13
1126 658
1127 1036
1128 2034
1129 2170
113 1585
1130 453
1131 1543
1132 1589
1133 2943
1134 247
1135 394
1136 2342
1137 1680
1138 896
1139 1531
114 2838
1140 278
1141 599
1142 2867
1143 754
1144 1881
1145 1552
1146 2902
1147 1718
1148 893
1149 2036
115 1196
1150 1304
1151 1522
1152 2393
1153 427
1154 3232
1155 3054
1156 2862
1157 1090
1158 249
1159 2155
116 1675
1160 1153
1161 2608
1162 1367
1163 2139
1164 2334
1165 924
1166 2303
1167 1669
1168 1086
1169 1914
117 3299
1170 906
1171 1050
1172 1725
1173 1731
1174 1856
1175 2712
1176 1410
1177 1436
1178 1842
1179 758
118 2996
1180 2394
1181 1148
1182 2253
1183 2521
1184 2837
1185 1750
1186 2601
1187 1388
1188 1871
1189 413
119 1113
1190 1402
1191 41
1192 2869
1193 651
1194 415
1195 411
1196 1647
1197 1245
1198 1900
1199 294
12 937
120 2176
1200 1858
1201 2964
1202 2688
1203 740
1204 2954
1205 167
1206 2225
1207 33
1208 2953
1209 613
121 2013
1210 1287
1211 2859
1212 1913
1213 3055
1214 148
1215 2230
1216 1382
1217 157
1218 1438
1219 1643
122 450
1220 1068
1221 2536
1222 330
1223 1681
1224 153
1225 136
1226 1215
1227 971
1228 2711
1229 487
123 124
1230 38
1231 521
1232 1968
1233 3161
1234 1882
1235 2032
1236 9
1237 3069
1238 1897
1239 27
124 3109
1240 174
1241 1394
1242 1591
1243 1890
1244 1762
1245 705
1246 734
1247 1243
1248 598
1249 1091
125 909
1250 1991
1251 1255
1252 369
1253 1032
1254 951
1255 532
1256 2224
1257 2153
1258 147
1259 1638
126 1232
1260 2794
1261 2022
1262 2199
1263 1458
1264 2547
1265 2438
1266 1988
1267 581
1268 1371
1269 2026
127 295
1270 3039
1271 1909
1272 2031
1273 104
1274 933
1275 2725
1276 1267
1277 1559
1278 1834
1279 679
128 2872
1280 2325
1281 676
1282 782
1283 2743
1284 1878
1285 742
1286 853
1287 2156
1288 1778
1289 1040
129 375
1290 1012
1291 2364
1292 2839
1293 2514
1294 2115
1295 191
1296 935
1297 1026
1298 1526
1299 1678
13 377
130 831
1300 2619
1301 1805
1302 14
1303 1827
1304 423
1305 60
1306 3080
1307 2623
1308 368
1309 3024
131 370
1310 3005
1311 921
1312 1276
1313 2559
1314 409
1315 235
1316 1763
1317 1963
1318 1833
1319 2165
132 2331
1320 1545
1321 1546
1322 1216
1323 2166
1324 2848
1325 2441
1326 629
1327 1143
1328 1481
1329 428
133 1099
1330 2260
1331 1365
1332 142
1333 2965
1334 1417
1335 1373
1336 886
1337 1978
1338 2807
1339 1046
134 372
1340 193
1341 1743
1342 430
1343 1726
1344 2359
1345 2298
1346 3175
1347 1028
1348 2538
1349 1010
135 1980
1350 2405
1351 1374
1352 29
1353 2539
1354 2445
1355 2908
1356 1150
1357 931
1358 1865
1359 407
136 992
1360 2713
1361 225
1362 2756
1363 1279
1364 414
1365 2072
1366 1557
1367 1993
1368 2910
1369 1360
137 1119
1370 1994
1371 1403
1372 2484
1373 2392
1374 34
1375 1151
1376 2418
1377 222
1378 399
1379 2261
138 1122
1380 400
1381 1368
1382 2361
1383 672
1384 1867
1385 2775
1386 1866
1387 1069
1388 2019
1389 2903
139 1340
1390 2065
1391 2795
1392 1874
1393 1950
1394 380
1395 2558
1396 1990
1397 2384
1398 97
1399 95
14 689
140 374
1400 99
1401 608
1402 2767
1403 892
1404 603
1405 2138
1406 401
1407 761
1408 2849
1409 1176
141 1081
1410 2571
1411 131
1412 2830
1413 1828
1414 2907
1415 2911
1416 520
1417 1025
1418 3079
1419 1946
142 200
1420 229
1421 1829
1422 245
1423 655
1424 2274
1425 1859
1426 2900
1427 1593
1428 2880
1429 2879
143 170
1430 1983
1431 643
1432 2289
1433 2436
1434 1747
1435 1745
1436 1746
1437 2020
1438 429
1439 3
144 813
1440 4
1441 2875
1442 1400
1443 1587
1444 1645
1445 898
1446 221
1447 223
1448 220
1449 30
145 475
1450 510
1451 2444
1452 747
1453 750
1454 105
1455 2101
1456 2244
1457 1966
1458 928
1459 3001
146 1441
1460 36
1461 151
1462 2263
1463 2098
1464 787
1465 2287
1466 2940
1467 3302
1468 3303
1469 1947
147 859
1470 749
1471 3018
1472 424
1473 421
1474 2119
1475 134
1476 2909
1477 2594
1478 6
1479 2755
148 2205
1480 2985
1481 2587
1482 2788
1483 3004
1484 3174
1485 3290
1486 1284
1487 1564
1488 1567
1489 359
149 1468
1490 2099
1491 1094
1492 1089
1493 1275
1494 2340
1495 458
1496 1420
1497 3309
1498 529
1499 1642
15 583
150 1476
1500 11
1501 1997
1502 1996
1503 741
1504 2264
1505 1889
1506 2116
1507 1306
1508 1303
1509 1475
151 50
1510 3207
1511 484
1512 1175
1513 1574
1514 37
1515 612
1516 431
1517 1366
1518 1384
1519 1383
152 116
1520 3162
1521 17
1522 2164
1523 1668
1524 952
1525 2754
1526 281
1527 1483
1528 533
1529 901
153 288
1530 1748
1531 850
1532 852
1533 1302
1534 1588
1535 1586
1536 507
1537 379
1538 597
1539 28
154 817
1540 1987
1541 2252
1542 144
1543 628
1544 2780
1545 1592
1546 195
1547 196
1548 652
1549 238
155 1505
1550 1967
1551 2068
1552 2762
1553 883
1554 884
1555 3041
1556 3042
1557 3036
1558 3035
1559 1054
156 779
1560 103
1561 1285
1562 3185
1563 3124
1564 3123
1565 3125
1566 2500
1567 1329
1568 618
1569 420
157 505
1570 422
1571 150
1572 2231
1573 2157
1574 2326
1575 1999
1576 1327
1577 2388
1578 1749
1579 539
158 500
1580 1560
1581 3131
1582 2285
1583 412
1584 406
1585 425
1586 887
1587 1244
1588 2033
1589 2035
159 802
1590 2037
1591 1759
1592 2548
1593 2550
1594 2549
1595 3056
1596 3057
1597 2934
1598 3025
1599 555
16 1770
160 204
1600 554
1601 2403
1602 224
1603 2437
1604 2227
1605 2262
1606 2228
1607 1413
1608 1873
1609 1270
161 2898
1610 3006
1611 2378
1612 1456
1613 1401
1614 129
1615 130
1616 2591
1617 1637
1618 2268
1619 2562
162 2151
1620 3151
1621 2857
1622 2726
1623 3081
1624 241
1625 236
1626 154
1627 1549
1628 2272
1629 426
163 2665
1630 690
1631 2171
1632 1992
1633 736
1634 541
1635 2639
1636 1034
1637 1144
1638 1149
1639 2152
164 1078
1640 234
1641 3184
1642 1879
1643 1528
1644 1940
1645 1566
1646 1542
1647 3043
1648 1941
1649 674
165 2332
1650 675
1651 702
1652 2739
1653 3070
1654 1777
1655 248
1656 2011
1657 403
1658 1995
1659 2724
166 214
1660 1126
1661 1127
1662 1042
1663 1784
1664 847
1665 2683
1666 2681
1667 631
1668 101
1669 2805
167 1015
1670 3113
1671 3112
1672 2066
1673 979
1674 2787
1675 173
1676 1961
1677 1325
1678 642
1679 133
168 2270
1680 1758
1681 1179
1682 1041
1683 2440
1684 2439
1685 556
1686 1053
1687 12
1688 2067
1689 2301
169 267
1690 1
1691 2994
1692 2551
1693 2793
1694 232
1695 0
1696 3058
1697 3059
1698 1606
1699 1416
17 1173
170 566
1700 3206
1701 1471
1702 2710
1703 2541
1704 2182
1705 753
1706 152
1707 485
1708 2232
1709 2103
171 1121
1710 1180
1711 1682
1712 1953
1713 2168
1714 107
1715 456
1716 1532
1717 1547
1718 615
1719 1939
172 1085
1720 1492
1721 950
1722 2299
1723 537
1724 580
1725 1022
1726 1437
1727 40
1728 2729
1729 1548
173 2338
1730 2868
1731 405
1732 402
1733 396
1734 3062
1735 404
1736 408
1737 455
1738 1273
1739 891
174 1674
1740 939
1741 938
1742 2533
1743 1720
1744 397
1745 2025
1746 1422
1747 387
1748 611
1749 2402
175 3297
1750 2023
1751 1791
1752 2273
1753 2271
1754 3183
1755 2518
1756 2768
1757 2502
1758 2501
1759 1281
176 1570
1760 2842
1761 280
1762 604
1763 194
1764 1562
1765 1831
1766 1631
1767 2600
1768 2598
1769 1875
177 1262
1770 231
1771 1629
1772 155
1773 128
1774 1396
1775 2482
1776 1857
1777 1611
1778 3293
1779 1667
178 1183
1780 1779
1781 279
1782 1326
1783 3017
1784 2429
1785 2427
1786 2430
1787 956
1788 923
1789 1780
179 781
1790 2423
1791 2912
1792 1613
1793 1612
1794 1563
1795 2333
1796 630
1797 1561
1798 2572
1799 327
18 2386
180 187
1800 2496
1801 897
1802 2419
1803 331
1804 1415
1805 2321
1806 2322
1807 329
1808 1671
1809 1141
181 2509
1810 233
1811 42
1812 1732
1813 1734
1814 894
1815 2993
1816 43
1817 3082
1818 1288
1819 251
182 577
1820 1636
1821 1345
1822 454
1823 701
1824 2779
1825 2277
1826 1670
1827 2102
1828 826
1829 840
183 1353
1830 2300
1831 885
1832 2008
1833 2009
1834 2520
1835 2517
1836 2516
1837 2519
1838 2515
1839 2442
184 282
1840 2936
1841 2687
1842 1272
1843 1274
1844 2792
1845 743
1846 1523
1847 2424
1848 166
1849 165
185 1056
1850 925
1851 895
1852 192
1853 2284
1854 2841
1855 2045
1856 2738
1857 657
1858 1713
1859 1727
186 2527
1860 102
1861 1989
1862 1982
1863 360
1864 2761
1865 1908
1866 732
1867 729
1868 2737
1869 2043
187 1003
1870 1843
1871 1844
1872 3097
1873 1783
1874 1719
1875 2588
1876 61
1877 1998
1878 2105
1879 3216
188 907
1880 2154
1881 3040
1882 858
1883 2308
1884 2443
1885 1544
1886 1845
1887 1550
1888 1551
1889 2360
189 441
1890 1033
1891 2
1892 934
1893 967
1894 966
1895 890
1896 1411
1897 1409
1898 2586
1899 2585
19 2497
190 2475
1900 1556
1901 2617
1902 854
1903 242
1904 2485
1905 2813
1906 1608
1907 1799
1908 2302
1909 2593
191 877
1910 605
1911 601
1912 1305
1913 346
1914 3046
1915 2422
1916 1838
1917 1870
1918 365
1919 1785
192 1263
1920 1786
1921 350
1922 2618
1923 457
1924 602
1925 138
1926 2766
1927 2426
1928 2428
1929 1605
193 989
1930 2513
1931 704
1932 2265
1933 1830
1934 953
1935 1328
1936 1330
1937 1571
1938 636
1939 2784
194 1249
1940 367
1941 1760
1942 1788
1943 1397
1944 1840
1945 1841
1946 1280
1947 1283
1948 2276
1949 2275
195 1808
1950 558
1951 926
1952 1716
1953 2840
1954 751
1955 748
1956 1687
1957 1177
1958 198
1959 980
196 2343
1960 1807
1961 1048
1962 1052
1963 1051
1964 1165
1965 2540
1966 653
1967 1023
1968 1527
1969 1220
197 1133
1970 96
1971 98
1972 1268
1973 2861
1974 1140
1975 2860
1976 930
1977 1142
1978 31
1979 32
198 2070
1980 656
1981 1038
1982 2021
1983 2018
1984 384
1985 1898
1986 390
1987 2592
1988 2589
1989 1395
199 1058
1990 920
1991 2095
1992 2992
1993 2995
1994 250
1995 760
1996 757
1997 759
1998 641
1999 929
2 1316
20 2329
200 183
2000 744
2001 1804
2002 746
2003 1614
2004 149
2005 146
2006 145
2007 2682
2008 1744
2009 156
201 2341
2010 2938
2011 2939
2012 2937
2013 1357
2014 2567
2015 1286
2016 2663
2017 2664
2018 190
2019 100
202 1432
2020 1835
2021 1370
2022 2425
2023 2481
2024 16
2025 2243
2026 1145
2027 1356
2028 2678
2029 2677
203 1137
2030 2407
2031 1011
2032 244
2033 243
2034 1039
2035 1291
2036 549
2037 2622
2038 2804
2039 2803
204 2716
2040 2679
2041 955
2042 2742
2043 1558
2044 328
2045 2941
2046 2942
2047 2944
2048 1610
2049 140
205 2530
2050 141
2051 1412
2052 2097
2053 106
2054 2106
2055 1741
2056 1742
2057 1473
2058 1387
2059 1386
206 2278
2060 2963
2061 1358
2062 2988
2063 2733
2064 1721
2065 1972
2066 922
2067 3190
2068 2297
2069 2296
207 1135
2070 3181
2071 1868
2072 2100
2073 640
2074 557
2075 139
2076 706
2077 1714
2078 2286
2079 1369
208 2125
2080 752
2081 59
2082 1359
2083 1152
2084 2750
2085 1600
2086 1598
2087 1597
2088 2483
2089 1599
209 2059
2090 2406
2091 1954
2092 1981
2093 1650
2094 1872
2095 366
2096 1789
2097 39
2098 1869
2099 1683
21 1901
210 1899
2100 856
2101 857
2102 855
2103 755
2104 1389
2105 538
2106 1790
2107 2574
2108 2573
2109 1891
211 469
2110 654
2111 650
2112 246
2113 2785
2114 1525
2115 616
2116 3003
2117 3256
2118 1021
2119 509
212 765
2120 1372
2121 1677
2122 1715
2123 1630
2124 1009
2125 2339
2126 2987
2127 2989
2128 3094
2129 763
213 261
2130 915
2131 762
2132 2892
2133 2874
2134 483
2135 416
2136 694
2137 2856
2138 3150
2139 530
214 1700
2140 1404
2141 2167
2142 347
2143 345
2144 348
2145 2320
2146 2432
2147 2858
2148 364
2149 351
215 1657
2150 363
2151 2288
2152 1733
2153 2495
2154 2010
2155 2379
2156 3019
2157 519
2158 974
2159 2595
216 2311
2160 1269
2161 349
2162 2433
2163 2468
2164 2467
2165 2666
2166 904
2167 733
2168 8
2169 902
217 1771
2170 2873
2171 2876
2172 2935
2173 2776
2174 2774
2175 1524
2176 2304
2177 2778
2178 1756
2179 1639
218 358
2180 3292
2181 1895
2182 3268
2183 2293
2184 2959
2185 2030
2186 2983
2187 2691
2188 3037
2189 2461
219 1863
2190 3179
2191 305
2192 2781
2193 644
2194 2318
2195 179
2196 2353
2197 725
2198 2054
2199 2189
22 819
220 795
2200 1640
2201 3304
2202 1221
2203 2505
2204 2006
2205 2637
2206 2401
2207 1354
2208 2086
2209 178
221 526
2210 948
2211 2129
2212 1497
2213 828
2214 2703
2215 2920
2216 1321
2217 842
2218 2722
2219 1314
222 2248
2220 2981
2221 739
2222 2634
2223 1922
2224 2948
2225 1811
2226 2834
2227 3119
2228 3157
2229 1920
223 1504
2230 1887
2231 3169
2232 1224
2233 1201
2234 710
2235 1912
2236 645
2237 2565
2238 3009
2239 2184
224 1695
2240 970
2241 2620
2242 302
2243 2555
2244 827
2245 1931
2246 2356
2247 3029
2248 1467
2249 3235
225 1618
2250 1538
2251 1737
2252 2545
2253 2640
2254 2630
2255 2746
2256 2610
2257 544
2258 1751
2259 79
226 1188
2260 230
2261 2957
2262 2997
2263 1801
2264 1924
2265 2005
2266 2094
2267 548
2268 3250
2269 2085
227 1809
2270 711
2271 2672
2272 1453
2273 3225
2274 336
2275 486
2276 1510
2277 2790
2278 1074
2279 218
228 1184
2280 2707
2281 2053
2282 1765
2283 726
2284 1031
2285 2802
2286 836
2287 2409
2288 3110
2289 1393
229 1336
2290 2093
2291 3214
2292 1407
2293 1938
2294 3263
2295 832
2296 3086
2297 2504
2298 662
2299 2397
23 171
230 1633
2300 2773
2301 609
2302 1029
2303 2460
2304 3166
2305 2966
2306 2960
2307 3092
2308 2371
2309 2731
231 1864
2310 1930
2311 3111
2312 1310
2313 2999
2314 3095
2315 3239
2316 2192
2317 3022
2318 1910
2319 2653
232 1724
2320 1517
2321 2087
2322 1907
2323 838
2324 2553
2325 716
2326 2130
2327 1251
2328 1266
2329 2385
233 527
2330 3227
2331 2818
2332 1730
2333 3117
2334 721
2335 835
2336 963
2337 226
2338 2508
2339 625
234 54
2340 1324
2341 2835
2342 2977
2343 2390
2344 2133
2345 1886
2346 2209
2347 2692
2348 2162
2349 1465
235 617
2350 2824
2351 1709
2352 723
2353 2185
2354 1318
2355 3288
2356 2958
2357 1319
2358 63
2359 3259
236 1182
2360 1381
2361 20
2362 2865
2363 1781
2364 2450
2365 3172
2366 3028
2367 1364
2368 3311
2369 3031
237 1659
2370 2614
2371 1601
2372 3186
2373 1155
2374 1658
2375 2083
2376 2523
2377 339
2378 2112
2379 308
238 1697
2380 3191
2381 2204
2382 1554
2383 2624
2384 2757
2385 518
2386 1884
2387 2234
2388 2721
2389 3034
239 1136
2390 1933
2391 1315
2392 2889
2393 1427
2394 2447
2395 1332
2396 2751
2397 2476
2398 1810
2399 113
24 296
240 2073
2400 361
2401 1516
2402 681
2403 1577
2404 3114
2405 686
2406 2193
2407 83
2408 1648
2409 2172
241 1189
2410 3170
2411 3066
2412 2998
2413 2144
2414 3060
2415 1072
2416 697
2417 3193
2418 2448
2419 1348
242 1959
2420 1654
2421 67
2422 1602
2423 1498
2424 2607
2425 3223
2426 958
2427 2395
2428 2216
2429 1666
243 1234
2430 1331
2431 1461
2432 683
2433 2753
2434 2741
2435 71
2436 2759
2437 1653
2438 93
2439 2373
244 822
2440 3224
2441 1378
2442 2396
2443 70
2444 719
2445 3011
2446 1626
2447 303
2448 1536
2449 3236
245 1337
2450 2955
2451 2295
2452 2581
2453 3100
2454 2854
2455 814
2456 2134
2457 3021
2458 3276
2459 3164
246 1114
2460 632
2461 1487
2462 2421
2463 1821
2464 2404
2465 90
2466 1156
2467 433
2468 1850
2469 1228
247 470
2470 432
2471 1350
2472 2613
2473 1945
2474 1499
2475 3105
2476 1753
2477 2945
2478 2137
2479 722
248 1489
2480 3141
2481 986
2482 2377
2483 1935
2484 3295
2485 1937
2486 3282
2487 312
2488 2782
2489 2470
249 2698
2490 731
2491 1925
2492 1686
2493 2850
2494 2256
2495 3284
2496 3296
2497 1685
2498 1495
2499 304
25 844
250 376
2500 3116
2501 512
2502 338
2503 1740
2504 724
2505 3209
2506 1030
2507 2556
2508 2919
2509 1520
251 122
2510 712
2511 3202
2512 3269
2513 2307
2514 2221
2515 2146
2516 1361
2517 1363
2518 2195
2519 2631
252 1426
2520 1117
2521 2658
2522 3147
2523 1462
2524 3261
2525 1625
2526 2917
2527 1917
2528 2978
2529 944
253 447
2530 943
2531 92
2532 87
2533 2198
2534 1942
2535 1943
2536 2706
2537 3238
2538 2732
2539 2029
254 848
2540 1223
2541 2969
2542 2970
2543 2821
2544 2901
2545 1710
2546 306
2547 3212
2548 2161
2549 2583
255 1693
2550 1853
2551 3047
2552 2136
2553 684
2554 2747
2555 2117
2556 19
2557 2657
2558 2949
2559 1115
256 252
2560 2846
2561 2652
2562 1534
2563 1535
2564 3260
2565 2186
2566 2632
2567 2633
2568 2543
2569 3197
257 2024
2570 1264
2571 1265
2572 2883
2573 2525
2574 1514
2575 2980
2576 2363
2577 3188
2578 730
2579 81
258 1757
2580 978
2581 2847
2582 3159
2583 2616
2584 984
2585 983
2586 197
2587 3107
2588 1219
2589 3233
259 1848
2590 1755
2591 1203
2592 2345
2593 1277
2594 715
2595 714
2596 735
2597 1921
2598 2163
2599 865
26 945
260 502
2600 2051
2601 1948
2602 2674
2603 2670
2604 2177
2605 1905
2606 3075
2607 3074
2608 3073
2609 1944
261 801
2610 2905
2611 3252
2612 3251
2613 1906
2614 2798
2615 2801
2616 2797
2617 2800
2618 2796
2619 2799
262 352
2620 2928
2621 2929
2622 3200
2623 973
2624 2132
2625 3265
2626 3266
2627 2881
2628 3192
2629 698
263 638
2630 2088
2631 985
2632 1355
2633 3189
2634 2462
2635 3279
2636 3280
2637 3167
2638 1518
2639 2148
264 1814
2640 2149
2641 1055
2642 1949
2643 2685
2644 2686
2645 2684
2646 168
2647 1208
2648 2635
2649 1521
265 1163
2650 2280
2651 572
2652 2673
2653 2699
2654 903
2655 3088
2656 2317
2657 536
2658 851
2659 3221
266 115
2660 2279
2661 2930
2662 3158
2663 335
2664 334
2665 301
2666 2690
2667 89
2668 2160
2669 1820
267 1970
2670 2159
2671 2374
2672 2833
2673 1493
2674 3277
2675 2398
2676 3211
2677 2570
2678 1555
2679 3278
268 1390
2680 1377
2681 3050
2682 2109
2683 2110
2684 2111
2685 1342
2686 108
2687 2174
2688 2173
2689 2175
269 2039
2690 3087
2691 2621
2692 797
2693 1154
2694 3208
2695 1496
2696 728
2697 1903
2698 1202
2699 228
27 1447
270 388
2700 559
2701 2647
2702 2708
2703 309
2704 2675
2705 1651
2706 3012
2707 2245
2708 3244
2709 3051
271 996
2710 3152
2711 86
2712 3155
2713 2700
2714 2328
2715 3106
2716 1965
2717 1964
2718 1793
2719 1792
272 671
2720 1969
2721 699
2722 2214
2723 2213
2724 76
2725 3267
2726 2656
2727 3068
2728 1480
2729 3196
273 161
2730 2526
2731 227
2732 2916
2733 1463
2734 2669
2735 1376
2736 1754
2737 1752
2738 1649
2739 2201
274 1138
2740 830
2741 3065
2742 543
2743 2488
2744 77
2745 1218
2746 1466
2747 2315
2748 2316
2749 74
275 1092
2750 219
2751 3142
2752 3135
2753 2233
2754 1796
2755 1797
2756 959
2757 2544
2758 2381
2759 2906
276 665
2760 1728
2761 3153
2762 2007
2763 3085
2764 2282
2765 534
2766 2178
2767 1256
2768 3240
2769 1955
277 1661
2770 977
2771 2853
2772 3272
2773 803
2774 1823
2775 547
2776 546
2777 1452
2778 85
2779 2951
278 578
2780 2950
2781 2890
2782 3286
2783 804
2784 682
2785 685
2786 1885
2787 2055
2788 2056
2789 3146
279 1406
2790 1486
2791 2972
2792 972
2793 2825
2794 1391
2795 1392
2796 2844
2797 3234
2798 2324
2799 1200
28 1902
280 1478
2800 3099
2801 3098
2802 2490
2803 3210
2804 3262
2805 341
2806 344
2807 340
2808 1317
2809 2668
281 810
2810 1624
2811 2836
2812 2028
2813 91
2814 3218
2815 3219
2816 2625
2817 2612
2818 3248
2819 3247
282 2206
2820 3136
2821 3249
2822 1460
2823 2904
2824 3071
2825 3243
2826 1609
2827 2823
2828 2991
2829 3275
283 941
2830 3215
2831 3093
2832 833
2833 78
2834 2207
2835 2615
2836 64
2837 1594
2838 1595
2839 1380
284 1573
2840 1379
2841 3176
2842 3177
2843 1509
2844 3120
2845 2705
2846 2194
2847 332
2848 333
2849 1986
285 585
2850 1704
2851 815
2852 3130
2853 3129
2854 2851
2855 1057
2856 2446
2857 1485
2858 3126
2859 3201
286 693
2860 889
2861 511
2862 2434
2863 1652
2864 310
2865 1896
2866 1334
2867 2241
2868 1158
2869 2511
287 567
2870 3044
2871 2611
2872 2758
2873 2822
2874 2463
2875 3133
2876 3205
2877 2689
2878 2648
2879 1344
288 326
2880 2254
2881 2877
2882 1596
2883 68
2884 3254
2885 3253
2886 2605
2887 2606
2888 2604
2889 3134
289 2040
2890 2108
2891 2641
2892 2772
2893 3213
2894 2091
2895 1616
2896 1619
2897 1615
2898 2866
2899 2636
29 2366
290 504
2900 2638
2901 2351
2902 2968
2903 2777
2904 1539
2905 2967
2906 3294
2907 2826
2908 2420
2909 2580
291 117
2910 2294
2911 2506
2912 3101
2913 3067
2914 3132
2915 2471
2916 2362
2917 610
2918 2107
2919 1883
292 861
2920 2522
2921 2828
2922 2829
2923 798
2924 799
2925 3182
2926 1985
2927 1782
2928 1459
2929 2240
293 265
2930 1349
2931 1684
2932 2435
2933 3274
2934 2370
2935 3291
2936 2510
2937 3220
2938 3222
2939 2327
294 1951
2940 1794
2941 3033
2942 2472
2943 2915
2944 2971
2945 3287
2946 3145
2947 3204
2948 1736
2949 3187
295 1065
2950 2413
2951 2140
2952 1739
2953 2414
2954 1802
2955 1729
2956 2412
2957 1735
2958 1803
2959 2141
296 260
2960 3115
2961 2203
2962 3305
2963 2208
2964 2871
2965 2524
2966 3230
2967 3231
2968 1231
2969 1408
297 449
2970 1919
2971 3194
2972 2464
2973 2924
2974 3049
2975 2831
2976 1519
2977 3072
2978 3121
2979 2222
298 2578
2980 1351
2981 2582
2982 2246
2983 2694
2984 2693
2985 2696
2986 2695
2987 2469
2988 3127
2989 3128
299 1892
2990 2655
2991 3195
2992 1911
2993 3014
2994 2239
2995 535
2996 2817
2997 2816
2998 2052
2999 2845
3 1185
30 785
300 1080
3000 3144
3001 2560
3002 1916
3003 2921
3004 1854
3005 1405
3006 1852
3007 1454
3008 2383
3009 2382
301 1932
3010 2492
3011 2491
3012 2449
3013 1707
3014 2075
3015 1676
3016 3008
3017 3007
3018 2882
3019 2242
302 594
3020 88
3021 900
3022 2952
3023 661
3024 1118
3025 2486
3026 695
3027 696
3028 1222
3029 2791
303 184
3030 3165
3031 680
3032 2947
3033 1227
3034 2354
3035 2355
3036 514
3037 841
3038 1294
3039 3199
304 2267
3040 1073
3041 1071
3042 2459
3043 1347
3044 1320
3045 1293
3046 2649
3047 1375
3048 2092
3049 3228
305 1181
3050 3229
3051 707
3052 709
3053 713
3054 708
3055 3016
3056 3015
3057 1229
3058 561
3059 2507
306 565
3060 3138
3061 3137
3062 3139
3063 2380
3064 3168
3065 2771
3066 2769
3067 2770
3068 2478
3069 2479
307 1007
3070 3032
3071 2885
3072 2886
3073 3198
3074 2552
3075 3237
3076 1795
3077 3048
3078 84
3079 2415
308 389
3080 1832
3081 2659
3082 2661
3083 2662
3084 2660
3085 947
3086 3281
3087 2049
3088 1451
3089 3154
309 2896
3090 3242
3091 3285
3092 2489
3093 864
3094 687
3095 2454
3096 2456
3097 2455
3098 2400
3099 2399
31 783
310 582
3100 3091
3101 3090
3102 3089
3103 1711
3104 1712
3105 2465
3106 2217
3107 172
3108 1362
3109 2050
311 942
3110 2118
3111 1352
3112 343
3113 342
3114 2183
3115 2190
3116 969
3117 1346
3118 2832
3119 960
312 2079
3120 1116
3121 2895
3122 1250
3123 1607
3124 164
3125 1936
3126 2212
3127 337
3128 2827
3129 2671
313 1105
3130 866
3131 867
3132 1500
3133 2145
3134 2147
3135 2878
3136 2749
3137 2748
3138 2584
3139 2984
314 1191
3140 1603
3141 1494
3142 1956
3143 2870
3144 727
3145 3180
3146 1307
3147 1309
3148 1705
3149 1308
315 2078
3150 1311
3151 1312
3152 3306
3153 1043
3154 3163
3155 1665
3156 2259
3157 3000
3158 1198
3159 2258
316 2410
3160 839
3161 837
3162 633
3163 2979
3164 2931
3165 1656
3166 1278
3167 720
3168 717
3169 2499
317 2096
3170 2512
3171 1923
3172 1576
3173 1738
3174 1479
3175 2554
3176 2391
3177 2218
3178 2215
3179 3178
318 438
3180 513
3181 1333
3182 2457
3183 482
3184 2810
3185 311
3186 2961
3187 2188
3188 3027
3189 3026
319 463
3190 968
3191 515
3192 2884
3193 3264
3194 2723
3195 1464
3196 3241
3197 3010
3198 3270
3199 3271
32 1075
320 2181
3200 834
3201 2651
3202 1226
3203 1225
3204 1849
3205 563
3206 3203
3207 545
3208 2973
3209 660
321 2933
3210 1918
3211 2319
3212 2081
3213 2082
3214 2084
3215 2408
3216 2080
3217 1515
3218 2752
3219 2990
322 2568
3220 2466
3221 1252
3222 72
3223 3148
3224 2281
3225 1230
3226 2211
3227 2210
3228 2135
3229 66
323 1098
3230 65
3231 560
3232 2820
3233 2819
3234 562
3235 2704
3236 3140
3237 3308
3238 3307
3239 3273
324 1470
3240 69
3241 180
3242 181
3243 2323
3244 94
3245 2310
3246 2309
3247 2899
3248 3083
3249 1984
325 1472
3250 3064
3251 3063
3252 2003
3253 2004
3254 2503
3255 18
3256 2701
3257 3061
3258 829
3259 2946
326 1469
3260 418
3261 417
3262 700
3263 419
3264 75
3265 3143
3266 2789
3267 2569
3268 2894
3269 1888
327 1474
3270 2369
3271 2372
3272 1257
3273 2564
3274 1708
3275 3171
3276 2956
3277 2852
3278 2646
3279 2350
328 1233
3280 3226
3281 73
3282 3096
3283 2888
3284 2887
3285 3173
3286 307
3287 3078
3288 3077
3289 3084
329 870
3290 718
3291 1088
3292 2982
3293 2131
3294 3283
3295 1706
3296 2069
3297 1343
3298 2487
3299 3156
33 503
330 2474
3300 3038
3301 2257
3302 2528
3303 112
3304 1575
3305 905
3306 2529
3307 2561
3308 3245
3309 3246
331 2643
3310 2546
3311 3013
332 1020
333 2123
334 2063
335 3160
336 257
337 568
338 663
339 1199
34 1490
340 2238
341 899
342 1066
343 1418
344 940
345 1977
346 1839
347 2058
348 574
349 773
35 1957
350 323
351 82
352 982
353 981
354 80
355 442
356 821
357 1164
358 1851
359 1855
36 869
360 910
361 1120
362 2346
363 55
364 53
365 434
366 1435
367 2016
368 2893
369 208
37 576
370 1979
371 3103
372 1160
373 1837
374 917
375 1688
376 2251
377 769
378 624
379 1289
38 3118
380 1248
381 1060
382 51
383 2335
384 1097
385 1703
386 1692
387 2042
388 1812
389 2062
39 2537
390 48
391 2306
392 620
393 1446
394 1445
395 2626
396 264
397 266
398 2922
399 1660
4 1952
40 1123
400 314
401 315
402 313
403 317
404 480
405 316
406 297
407 2811
408 1582
409 878
41 805
410 1673
411 2071
412 1958
413 1157
414 589
415 1694
416 199
417 1110
418 806
419 812
42 1171
420 528
421 1541
422 1440
423 1817
424 647
425 649
426 648
427 1877
428 524
429 1167
43 1124
430 2305
431 1129
432 159
433 162
434 2645
435 2180
436 1431
437 1847
438 595
439 588
44 393
440 1628
441 7
442 2815
443 789
444 579
445 1399
446 2563
447 253
448 1112
449 47
45 491
450 44
451 1301
452 2312
453 1079
454 1926
455 818
456 1579
457 2808
458 2809
459 1696
46 494
460 21
461 353
462 1501
463 846
464 1217
465 2629
466 2628
467 2196
468 1894
469 790
47 262
470 291
471 293
472 202
473 911
474 1529
475 1722
476 2728
477 206
478 688
479 3298
48 1904
480 1632
481 439
482 525
483 289
484 2644
485 1430
486 1429
487 997
488 1170
489 2046
49 495
490 1578
491 2976
492 1341
493 217
494 913
495 273
496 201
497 908
498 1240
499 1134
5 1298
50 2736
500 2719
501 1159
502 1581
503 2745
504 1836
505 354
506 1002
507 849
508 1580
509 1826
51 52
510 1572
511 1241
512 1100
513 1102
514 386
515 321
516 258
517 1044
518 1818
519 478
52 1428
520 569
521 120
522 189
523 590
524 2352
525 584
526 1008
527 1449
528 2918
529 2017
53 2897
530 808
531 1769
532 3102
533 356
534 355
535 1825
536 2330
537 1247
538 646
539 637
54 780
540 1130
541 2076
542 474
543 962
544 691
545 692
546 461
547 125
548 2220
549 800
55 2349
550 2191
551 2458
552 1077
553 927
554 1880
555 668
556 2090
557 862
558 1723
559 2387
56 1087
560 2783
561 1246
562 1084
563 2627
564 1974
565 1512
566 292
567 2494
568 1211
569 1195
57 506
570 1672
571 792
572 186
573 127
574 772
575 774
576 1583
577 659
578 1019
579 1813
58 791
580 666
581 664
582 182
583 496
584 1698
585 24
586 788
587 1253
588 1076
589 373
59 1690
590 126
591 240
592 619
593 1206
594 1006
595 874
596 203
597 1016
598 1862
599 2269
6 1194
60 1433
600 2142
601 1168
602 1824
603 2417
604 1107
605 2313
606 1059
607 1261
608 1018
609 634
61 269
610 1457
611 2654
612 497
613 2015
614 2864
615 564
616 119
617 875
618 2179
619 776
62 2187
620 1258
621 1259
622 2411
623 2602
624 2603
625 1335
626 1508
627 3301
628 1662
629 322
63 876
630 1689
631 272
632 1096
633 1439
634 1064
635 2975
636 2064
637 1477
638 2650
639 1502
64 1239
640 1503
641 1212
642 465
643 995
644 1776
645 1540
646 362
647 1132
648 1893
649 2962
65 114
650 2717
651 209
652 2291
653 1617
654 1701
655 1162
656 213
657 212
658 2113
659 274
66 2642
660 464
661 276
662 1190
663 1774
664 3217
665 58
666 2127
667 2126
668 121
669 123
67 1537
670 2531
671 2047
672 1655
673 523
674 879
675 570
676 2697
677 381
678 383
679 1623
68 1934
680 916
681 1488
682 1193
683 1507
684 1061
685 448
686 522
687 62
688 1506
689 860
69 259
690 378
691 210
692 571
693 481
694 118
695 1806
696 2863
697 283
698 794
699 775
7 771
70 467
700 1491
701 436
702 440
703 1296
704 169
705 158
706 1292
707 446
708 290
709 445
71 1929
710 45
711 2158
712 1125
713 1423
714 287
715 2200
716 2202
717 2532
718 1103
719 1213
72 881
720 3023
721 2124
722 2122
723 1005
724 2219
725 1323
726 871
727 57
728 1604
729 998
73 3052
730 1634
731 215
732 110
733 490
734 2057
735 1235
736 2357
737 2358
738 299
739 300
74 2597
740 2367
741 2060
742 2727
743 1338
744 256
745 437
746 591
747 452
748 284
749 1063
75 2498
750 466
751 492
752 1766
753 205
754 1166
755 2027
756 2074
757 987
758 988
759 2480
76 880
760 990
761 999
762 919
763 918
764 2575
765 56
766 1822
767 912
768 946
769 516
77 873
770 824
771 823
772 592
773 1300
774 737
775 1975
776 2913
777 936
778 263
779 678
78 357
780 26
781 1772
782 2150
783 1425
784 1037
785 2236
786 3030
787 2121
788 460
789 298
79 626
790 2014
791 476
792 2452
793 2368
794 2843
795 1553
796 517
797 23
798 1424
799 435
8 392
80 2038
800 2292
801 778
802 777
803 1620
804 587
805 596
806 471
807 1691
808 994
809 993
81 1450
810 1111
811 1663
812 2812
813 1207
814 991
815 1815
816 1000
817 1083
818 2235
819 2744
82 2114
820 2923
821 1204
822 809
823 3300
824 1209
825 2932
826 2061
827 667
828 627
829 2089
83 1139
830 2477
831 1775
832 1174
833 2579
834 1169
835 1192
836 2375
837 2376
838 2337
839 2250
84 2128
840 1236
841 185
842 1017
843 1001
844 3257
845 2255
846 1513
847 477
848 320
849 1260
85 1434
850 1106
851 961
852 882
853 143
854 2542
855 163
856 868
857 1976
858 1773
859 2451
86 22
860 1699
861 811
862 1530
863 176
864 177
865 175
866 1214
867 382
868 385
869 1419
87 1798
870 2974
871 1045
872 2290
873 1584
874 1664
875 459
876 111
877 275
878 2702
879 807
88 639
880 738
881 3108
882 784
883 2914
884 2453
885 1339
886 2806
887 677
888 845
889 2925
89 462
890 2926
891 2249
892 1295
893 1297
894 3053
895 3104
896 46
897 863
898 1131
899 820
9 501
90 2169
900 1915
901 669
902 2535
903 2416
904 2365
905 109
906 444
907 216
908 1511
909 2566
91 2048
910 443
911 593
912 2237
913 2001
914 573
915 160
916 872
917 325
918 1299
919 2576
92 2720
920 796
921 255
922 2143
923 1237
924 2247
925 391
926 767
927 768
928 2534
929 49
93 1876
930 1928
931 1819
932 1702
933 472
934 1621
935 211
936 2197
937 1104
938 1442
939 1927
94 586
940 1443
941 1444
942 1635
943 1186
944 270
945 2715
946 1013
947 622
948 277
949 2041
95 793
950 1172
951 207
952 621
953 2667
954 1290
955 1197
956 965
957 2718
958 3258
959 1187
96 2000
960 2493
961 1568
962 1313
963 764
964 499
965 498
966 1004
967 254
968 1062
969 489
97 1205
970 1210
971 2347
972 2348
973 2344
974 623
975 1973
976 843
977 766
978 237
979 468
98 2223
980 271
981 1109
982 1108
983 575
984 1448
985 324
986 268
987 188
988 479
989 1768
99 1816
990 1767
991 2596
992 1322
993 949
994 1238
995 914
996 493
997 2002
998 285
999 1398
