3312
0 576
1 1169
10 2041
100 2735
1000 505
1001 1275
1002 1240
1003 995
1004 426
1005 485
1006 251
1007 1552
1008 1458
1009 556
101 2264
1010 580
1011 2138
1012 1131
1013 2599
1014 279
1015 1204
1016 1824
1017 1756
1018 462
1019 12
102 2350
1020 2573
1021 266
1022 1651
1023 2294
1024 3019
1025 834
1026 620
1027 2929
1028 1336
1029 1308
103 1167
1030 922
1031 759
1032 3106
1033 984
1034 2140
1035 2086
1036 2458
1037 1850
1038 1600
1039 2479
104 567
1040 1845
1041 1849
1042 1841
1043 1211
1044 2784
1045 699
1046 439
1047 1589
1048 1335
1049 3067
105 7
1050 466
1051 1812
1052 458
1053 918
1054 2088
1055 2872
1056 3162
1057 460
1058 1206
1059 194
106 664
1060 1426
1061 1461
1062 2547
1063 1186
1064 109
1065 2035
1066 2869
1067 1999
1068 297
1069 1622
107 869
1070 450
1071 196
1072 1370
1073 2125
1074 1698
1075 1508
1076 1313
1077 3020
1078 1315
1079 1350
108 676
1080 198
1081 226
1082 121
1083 1081
1084 1227
1085 1741
1086 723
1087 875
1088 769
1089 2597
109 1427
1090 1598
1091 127
1092 368
1093 2033
1094 652
1095 2134
1096 49
1097 2798
1098 718
1099 2559
11 178
110 2234
1100 1298
1101 1419
1102 806
1103 2319
1104 3289
1105 1616
1106 1500
1107 1597
1108 654
1109 1465
111 2211
1110 3157
1111 1787
1112 1446
1113 2176
1114 3038
1115 2126
1116 1213
1117 3178
1118 2123
1119 2557
112 1861
1120 1610
1121 3269
1122 433
1123 1421
1124 1322
1125 437
1126 2776
1127 1590
1128 1559
1129 627
113 656
1130 912
1131 2149
1132 770
1133 1893
1134 1810
1135 591
1136 681
1137 133
1138 736
1139 123
114 2461
1140 1462
1141 225
1142 3292
1143 701
1144 1671
1145 122
1146 1276
1147 1444
1148 634
1149 1558
115 1127
1150 96
1151 1770
1152 2188
1153 539
1154 1854
1155 2253
1156 191
1157 1980
1158 709
1159 795
116 2745
1160 2025
1161 3161
1162 2723
1163 446
1164 2946
1165 2310
1166 2227
1167 2522
1168 465
1169 1662
117 3281
1170 1892
1171 2870
1172 1041
1173 2492
1174 1601
1175 1164
1176 265
1177 2467
1178 1070
1179 1928
118 907
1180 2737
1181 2208
1182 1491
1183 1878
1184 2423
1185 1072
1186 1482
1187 3040
1188 752
1189 277
119 1641
1190 1319
1191 2117
1192 3294
1193 390
1194 284
1195 916
1196 2736
1197 803
1198 492
1199 645
12 2566
120 2244
1200 1602
1201 962
1202 1879
1203 134
1204 2848
1205 311
1206 1615
1207 117
1208 2847
1209 302
121 1103
1210 1613
1211 1621
1212 629
1213 2254
1214 381
1215 2374
1216 312
1217 2229
1218 2424
1219 449
122 425
1220 1509
1221 758
1222 1488
1223 1471
1224 364
1225 2752
1226 58
1227 1351
1228 1563
1229 1185
123 1137
1230 111
1231 1672
1232 1562
1233 2965
1234 742
1235 39
1236 95
1237 2390
1238 1128
1239 1513
124 2685
1240 1961
1241 748
1242 447
1243 1289
1244 920
1245 2806
1246 219
1247 2186
1248 1309
1249 1674
125 785
1250 2790
1251 2000
1252 2287
1253 1646
1254 459
1255 1467
1256 1614
1257 796
1258 393
1259 1833
126 339
1260 3135
1261 2680
1262 1617
1263 361
1264 1859
1265 51
1266 1497
1267 952
1268 2719
1269 2158
127 408
1270 1430
1271 3147
1272 1512
1273 67
1274 2782
1275 2771
1276 1182
1277 1904
1278 2990
1279 33
128 3149
1280 2433
1281 1194
1282 651
1283 3074
1284 1673
1285 702
1286 438
1287 794
1288 456
1289 1821
129 566
1290 1134
1291 2261
1292 2238
1293 100
1294 1998
1295 2241
1296 2783
1297 2598
1298 53
1299 137
13 2804
130 1048
1300 1937
1301 2130
1302 440
1303 847
1304 1360
1305 2401
1306 2684
1307 1847
1308 1813
1309 1851
131 2133
1310 2899
1311 2764
1312 2309
1313 2177
1314 203
1315 2982
1316 1160
1317 653
1318 2617
1319 2167
132 1966
1320 2387
1321 1618
1322 57
1323 2165
1324 2146
1325 2445
1326 397
1327 3222
1328 2023
1329 540
133 719
1330 2187
1331 2724
1332 2001
1333 2616
1334 2936
1335 2717
1336 488
1337 372
1338 2550
1339 69
134 570
1340 2242
1341 1076
1342 538
1343 1522
1344 2260
1345 1385
1346 1586
1347 1520
1348 2344
1349 1132
135 370
1350 210
1351 2039
1352 116
1353 2343
1354 2513
1355 832
1356 2030
1357 403
1358 1367
1359 206
136 1097
1360 2300
1361 232
1362 715
1363 987
1364 1161
1365 1034
1366 1784
1367 200
1368 830
1369 2026
137 1804
1370 285
1371 1317
1372 964
1373 2085
1374 119
1375 2028
1376 1606
1377 230
1378 283
1379 1696
138 148
1380 280
1381 2722
1382 2262
1383 646
1384 2392
1385 1165
1386 1363
1387 1663
1388 35
1389 1277
139 157
1390 632
1391 2558
1392 1593
1393 511
1394 690
1395 2175
1396 2072
1397 91
1398 2886
1399 2890
14 684
140 568
1400 2887
1401 1466
1402 418
1403 1079
1404 1599
1405 3113
1406 199
1407 1043
1408 413
1409 618
141 606
1410 839
1411 1844
1412 1523
1413 848
1414 833
1415 831
1416 743
1417 2601
1418 2683
1419 2732
142 2333
1420 55
1421 2220
1422 1809
1423 703
1424 2380
1425 1603
1426 1974
1427 2600
1428 1230
1429 1231
143 2410
1430 3053
1431 744
1432 135
1433 1750
1434 2009
1435 2007
1436 2008
1437 37
1438 543
1439 1083
144 605
1440 1205
1441 2202
1442 1820
1443 2533
1444 2189
1445 444
1446 231
1447 238
1448 233
1449 115
145 779
1450 1973
1451 799
1452 2258
1453 1834
1454 68
1455 47
1456 1561
1457 42
1458 2095
1459 3288
146 783
1460 838
1461 1288
1462 1697
1463 1995
1464 1321
1465 52
1466 2003
1467 2546
1468 2545
1469 494
147 874
1470 704
1471 3285
1472 545
1473 1359
1474 2288
1475 1648
1476 829
1477 3014
1478 1202
1479 720
148 1864
1480 724
1481 2569
1482 3271
1483 2900
1484 1587
1485 2457
1486 2501
1487 101
1488 761
1489 1219
149 815
1490 1554
1491 2087
1492 470
1493 2906
1494 677
1495 193
1496 2571
1497 3304
1498 1047
1499 1519
15 2570
150 817
1500 445
1501 2339
1502 2336
1503 1940
1504 1699
1505 1290
1506 2119
1507 1996
1508 1080
1509 811
151 2646
1510 3186
1511 562
1512 621
1513 617
1514 112
1515 298
1516 541
1517 2718
1518 314
1519 313
152 164
1520 2966
1521 442
1522 2166
1523 2523
1524 461
1525 717
1526 837
1527 3018
1528 171
1529 1887
153 72
1530 1073
1531 737
1532 1085
1533 452
1534 2534
1535 2532
1536 1971
1537 2071
1538 1310
1539 118
154 167
1540 1489
1541 1490
1542 1811
1543 801
1544 1538
1545 1502
1546 2635
1547 2636
1548 389
1549 1757
155 2435
1550 41
1551 636
1552 1422
1553 2905
1554 2904
1555 3163
1556 3164
1557 3196
1558 3195
1559 1572
156 2443
1560 1365
1561 985
1562 1619
1563 3158
1564 3156
1565 3155
1566 1368
1567 2317
1568 59
1569 1357
157 2099
1570 1361
1571 391
1572 695
1573 793
1574 2432
1575 2338
1576 2314
1577 680
1578 1074
1579 1300
158 1734
1580 1781
1581 2939
1582 994
1583 914
1584 204
1585 544
1586 489
1587 802
1588 1560
1589 1557
159 1417
1590 1556
1591 281
1592 359
1593 358
1594 360
1595 2942
1596 2943
1597 2414
1598 2415
1599 1312
16 1862
160 547
1600 1316
1601 1358
1602 234
1603 50
1604 1612
1605 1695
1606 1611
1607 263
1608 1592
1609 125
161 2816
1610 2898
1611 3181
1612 362
1613 1588
1614 1843
1615 1842
1616 2293
1617 698
1618 2821
1619 753
162 2354
1620 1823
1621 1623
1622 2770
1623 2381
1624 1758
1625 2983
1626 365
1627 2624
1628 1706
1629 542
163 2092
1630 1856
1631 1764
1632 2515
1633 87
1634 1207
1635 2407
1636 1595
1637 2027
1638 2029
1639 809
164 1243
1640 2981
1641 2393
1642 2388
1643 130
1644 1652
1645 774
1646 98
1647 3165
1648 1411
1649 1511
165 1964
1650 1510
1651 1349
1652 1992
1653 2389
1654 536
1655 1808
1656 1915
1657 205
1658 2078
1659 2527
166 1402
1660 2037
1661 716
1662 2730
1663 1788
1664 252
1665 2141
1666 2591
1667 28
1668 768
1669 1832
167 1004
1670 3177
1671 3176
1672 631
1673 808
1674 3270
1675 849
1676 655
1677 1168
1678 493
1679 1647
168 2311
1680 282
1681 1042
1682 1594
1683 2145
1684 1553
1685 1314
1686 1571
1687 451
1688 633
1689 2225
169 1175
1690 434
1691 670
1692 357
1693 3133
1694 2980
1695 436
1696 2627
1697 2628
1698 988
1699 2937
17 1028
170 1107
1700 3185
1701 820
1702 2840
1703 2839
1704 1432
1705 697
1706 363
1707 1187
1708 350
1709 1555
171 187
1710 616
1711 1474
1712 1470
1713 1472
1714 70
1715 201
1716 120
1717 1743
1718 300
1719 1653
172 468
1720 1855
1721 531
1722 1382
1723 172
1724 953
1725 1501
1726 1324
1727 110
1728 1740
1729 1742
173 675
1730 3293
1731 197
1732 209
1733 192
1734 211
1735 278
1736 915
1737 202
1738 1746
1739 1767
174 2697
1740 842
1741 2618
1742 1354
1743 1658
1744 195
1745 2127
1746 2572
1747 590
1748 299
1749 40
175 3060
1750 2681
1751 2941
1752 1704
1753 1705
1754 2394
1755 1876
1756 2715
1757 1364
1758 1362
1759 983
176 1583
1760 2236
1761 836
1762 1933
1763 2634
1764 108
1765 2219
1766 841
1767 2560
1768 2561
1769 1596
177 854
1770 54
1771 1723
1772 366
1773 2657
1774 2967
1775 2348
1776 1604
1777 105
1778 3295
1779 2525
178 1171
1780 457
1781 2968
1782 2315
1783 3284
1784 415
1785 421
1786 414
1787 455
1788 1952
1789 453
179 34
1790 419
1791 828
1792 103
1793 104
1794 102
1795 2945
1796 398
1797 1184
1798 2689
1799 1494
18 2529
180 19
1800 3187
1801 92
1802 1605
1803 1495
1804 2938
1805 1550
1806 1549
1807 1496
1808 3301
1809 3223
181 2742
1810 2979
1811 107
1812 2712
1813 2484
1814 1203
1815 671
1816 2619
1817 2382
1818 1609
1819 379
182 951
1820 1431
1821 64
1822 913
1823 1356
1824 622
1825 1702
1826 2524
1827 46
1828 1215
1829 235
183 534
1830 2224
1831 1142
1832 1917
1833 1914
1834 1883
1835 1884
1836 1881
1837 1877
1838 1882
1839 3015
184 663
1840 1425
1841 1880
1842 124
1843 2478
1844 3134
1845 1180
1846 378
1847 2325
1848 310
1849 309
185 1024
1850 1221
1851 88
1852 798
1853 755
1854 2239
1855 1789
1856 1994
1857 942
1858 330
1859 1373
186 792
1860 448
1861 1498
1862 3052
1863 1807
1864 1420
1865 3148
1866 217
1867 220
1868 1993
1869 2531
187 2361
1870 373
1871 1069
1872 760
1873 2081
1874 1445
1875 2292
1876 890
1877 2337
1878 48
1879 725
188 1328
1880 797
1881 2210
1882 862
1883 2150
1884 2148
1885 2147
1886 2011
1887 1744
1888 1745
1889 2263
189 1535
1890 1645
1891 435
1892 2781
1893 1212
1894 507
1895 893
1896 264
1897 267
1898 2396
1899 1801
19 1031
190 3048
1900 757
1901 1938
1902 441
1903 1759
1904 965
1905 2928
1906 992
1907 1650
1908 2226
1909 3013
191 1111
1910 1934
1911 1932
1912 1997
1913 2180
1914 2741
1915 420
1916 696
1917 1780
1918 754
1919 1785
192 1396
1920 1786
1921 253
1922 1939
1923 207
1924 1649
1925 1434
1926 2259
1927 422
1928 416
1929 989
193 2564
1930 99
1931 1353
1932 1700
1933 850
1934 464
1935 2313
1936 2316
1937 628
1938 11
1939 1082
194 640
1940 1766
1941 919
1942 1239
1943 2280
1944 2010
1945 1071
1946 986
1947 2500
1948 1701
1949 1703
195 2131
1950 1311
1951 668
1952 1443
1953 2237
1954 705
1955 1831
1956 1530
1957 619
1958 807
1959 810
196 1909
1960 1771
1961 2871
1962 2868
1963 2873
1964 131
1965 1760
1966 388
1967 2508
1968 129
1969 630
197 575
1970 2888
1971 2889
1972 126
1973 189
1974 3221
1975 190
1976 1320
1977 2036
1978 114
1979 113
198 2518
1980 700
1981 1936
1982 38
1983 36
1984 592
1985 208
1986 593
1987 2291
1988 2290
1989 747
199 1678
1990 2763
1991 648
1992 672
1993 673
1994 380
1995 1931
1996 1930
1997 1929
1998 1222
1999 2351
2 2347
20 1386
200 1086
2000 2406
2001 375
2002 1394
2003 1393
2004 392
2005 383
2006 382
2007 2143
2008 1075
2009 367
201 678
2010 726
2011 722
2012 721
2013 2207
2014 981
2015 982
2016 2775
2017 2774
2018 10
2019 2885
202 1983
2020 2991
2021 2725
2022 417
2023 1748
2024 443
2025 43
2026 2032
2027 2034
2028 2139
2029 2137
203 1232
2030 2794
2031 1129
2032 1761
2033 1548
2034 1935
2035 1323
2036 1846
2037 1848
2038 2865
2039 2864
204 176
2040 2142
2041 463
2042 3073
2043 1783
2044 1487
2045 2002
2046 1894
2047 2540
2048 377
2049 376
205 2883
2050 387
2051 512
2052 44
2053 767
2054 2004
2055 2005
2056 2006
2057 2516
2058 3039
2059 3037
206 1262
2060 961
2061 2031
2062 3045
2063 1334
2064 840
2065 2289
2066 2279
2067 3224
2068 1383
2069 1384
207 1000
2070 2371
2071 2341
2072 45
2073 1066
2074 2815
2075 1433
2076 2807
2077 1768
2078 993
2079 2721
208 1400
2080 706
2081 891
2082 402
2083 2024
2084 3225
2085 2858
2086 2855
2087 2856
2088 963
2089 2857
209 2318
2090 2793
2091 1218
2092 1504
2093 2022
2094 1747
2095 2944
2096 467
2097 2726
2098 1183
2099 1473
21 2342
210 1292
2100 865
2101 863
2102 864
2103 2320
2104 1252
2105 1299
2106 563
2107 2688
2108 2687
2109 1374
211 2695
2110 384
2111 386
2112 385
2113 3268
2114 1852
2115 301
2116 2901
2117 3105
2118 1380
2119 1972
212 660
2120 2720
2121 132
2122 1769
2123 1724
2124 1133
2125 679
2126 3043
2127 3044
2128 921
2129 1460
213 244
2130 2161
2131 2626
2132 1906
2133 1423
2134 561
2135 917
2136 1857
2137 1620
2138 1822
2139 1214
214 860
2140 1318
2141 2671
2142 2178
2143 2179
2144 2181
2145 1959
2146 2459
2147 1624
2148 756
2149 254
215 2993
2150 1751
2151 136
2152 3167
2153 3188
2154 1916
2155 3182
2156 1369
2157 2257
2158 1226
2159 1749
216 1190
2160 128
2161 892
2162 2460
2163 3244
2164 3243
2165 1270
2166 1889
2167 218
2168 2412
2169 1888
217 970
2170 1424
2171 1418
2172 2124
2173 1163
2174 1166
2175 1181
2176 2228
2177 2454
2178 2426
2179 3309
218 1039
2180 2691
2181 1130
2182 3267
2183 308
2184 1304
2185 3119
2186 2199
2187 3303
2188 713
2189 711
219 954
2190 2893
2191 2995
2192 2592
2193 2255
2194 3130
2195 276
2196 2704
2197 2923
2198 2621
2199 2307
22 906
220 2162
2200 3310
2201 2921
2202 31
2203 2520
2204 2932
2205 2832
2206 2759
2207 1680
2208 1626
2209 275
221 2444
2210 2079
2211 2370
2212 1872
2213 1209
2214 1090
2215 2882
2216 1666
2217 237
2218 2973
2219 1337
222 2353
2220 911
2221 80
2222 3080
2223 2542
2224 1156
2225 2692
2226 1044
2227 3085
2228 3075
2229 2744
223 2594
2230 3071
2231 2989
2232 289
2233 2450
2234 2586
2235 2197
2236 2256
2237 2102
2238 2751
2239 2252
224 498
2240 1567
2241 3247
2242 2442
2243 884
2244 1208
2245 2607
2246 3009
2247 3128
2248 2059
2249 3168
225 2076
2250 2812
2251 2487
2252 2346
2253 2062
2254 3252
2255 2917
2256 2275
2257 1885
2258 2430
2259 2063
226 2332
2260 845
2261 1307
2262 3159
2263 2481
2264 2541
2265 2933
2266 1581
2267 2729
2268 804
2269 1630
227 1762
2270 2587
2271 2014
2272 3208
2273 2040
2274 1486
2275 2080
2276 1266
2277 3050
2278 496
2279 3204
228 409
2280 3290
2281 2620
2282 315
2283 223
2284 733
2285 2651
2286 1950
2287 2761
2288 1978
2289 751
229 1715
2290 1579
2291 1468
2292 271
2293 800
2294 3198
2295 1948
2296 2163
2297 2665
2298 3138
2299 2061
23 2408
230 855
2300 2755
2301 3042
2302 732
2303 710
2304 3082
2305 3279
2306 1306
2307 2473
2308 2233
2309 1957
231 898
2310 2613
2311 1979
2312 1344
2313 3231
2314 1480
2315 2907
2316 427
2317 2464
2318 2160
2319 1901
232 410
2320 1259
2321 3003
2322 294
2323 1946
2324 885
2325 2913
2326 2369
2327 3100
2328 395
2329 3140
233 2788
2330 2248
2331 2330
2332 2491
2333 1664
2334 2664
2335 1943
2336 1839
2337 1990
2338 2795
2339 975
234 1012
2340 2416
2341 1046
2342 1014
2343 3211
2344 2172
2345 3072
2346 2629
2347 1141
2348 901
2349 2060
235 60
2350 1223
2351 328
2352 2632
2353 2927
2354 2767
2355 2819
2356 1305
2357 2768
2358 3229
2359 1264
236 1170
2360 844
2361 305
2362 1655
2363 454
2364 349
2365 3297
2366 3129
2367 2997
2368 3069
2369 2863
237 2132
2370 3001
2371 1272
2372 1329
2373 3022
2374 2880
2375 1628
2376 2477
2377 1956
2378 2845
2379 2778
238 2575
2380 2282
2381 1408
2382 1118
2383 3256
2384 3174
2385 766
2386 2190
2387 347
2388 2156
2389 2013
239 1250
2390 2608
2391 1339
2392 2916
2393 2535
2394 1659
2395 1570
2396 1120
2397 1660
2398 2693
2399 1254
24 827
240 1986
2400 2246
2401 1765
2402 1777
2403 2468
2404 3189
2405 1778
2406 428
2407 2045
2408 2911
2409 3027
241 1200
2410 2136
2411 3191
2412 3160
2413 3112
2414 3153
2415 2112
2416 2891
2417 2373
2418 348
2419 1021
242 1106
2420 2879
2421 1115
2422 1273
2423 2700
2424 727
2425 2799
2426 1836
2427 2064
2428 692
2429 2285
243 338
2430 3081
2431 3180
2432 1774
2433 2853
2434 1727
2435 1117
2436 2813
2437 2809
2438 1437
2439 3107
244 955
2440 2800
2441 325
2442 2118
2443 1694
2444 2661
2445 3023
2446 1737
2447 739
2448 2960
2449 3141
245 1404
2450 3183
2451 1927
2452 1816
2453 2615
2454 878
2455 857
2456 2169
2457 2465
2458 3220
2459 3235
246 1642
2460 250
2461 1464
2462 3237
2463 1193
2464 2109
2465 1435
2466 2577
2467 3118
2468 292
2469 291
247 1729
2470 2425
2471 2217
2472 3194
2473 2611
2474 1873
2475 1026
2476 2429
2477 227
2478 2173
2479 2633
248 896
2480 2678
2481 2978
2482 1806
2483 2606
2484 2083
2485 2605
2486 1925
2487 2553
2488 2593
2489 1340
249 551
2490 923
2491 2543
2492 2368
2493 2903
2494 491
2495 3011
2496 3307
2497 2367
2498 1875
2499 2996
25 2402
250 1719
2500 1665
2501 2321
2502 1955
2503 2489
2504 2924
2505 2580
2506 731
2507 888
2508 2881
2509 1257
251 75
2510 2589
2511 3102
2512 3266
2513 81
2514 3068
2515 3111
2516 3000
2517 2998
2518 734
2519 3251
252 2091
2520 2976
2521 2583
2522 3124
2523 3179
2524 1036
2525 1738
2526 3055
2527 1412
2528 1015
2529 1669
253 1463
2530 1670
2531 1441
2532 1912
2533 1911
2534 2603
2535 2612
2536 3291
2537 3308
2538 1958
2539 2539
254 2413
2540 290
2541 2638
2542 2639
2543 2328
2544 2329
2545 2209
2546 2994
2547 2641
2548 899
2549 1818
255 1985
2550 273
2551 3125
2552 2168
2553 1776
2554 2918
2555 3090
2556 1381
2557 2582
2558 1155
2559 1643
256 246
2560 2739
2561 1902
2562 2962
2563 2961
2564 1263
2565 2926
2566 3079
2567 3078
2568 3242
2569 2836
257 895
2570 160
2571 159
2572 959
2573 2475
2574 823
2575 2399
2576 3166
2577 1332
2578 224
2579 2046
258 141
2580 2047
2581 2740
2582 2970
2583 1924
2584 1248
2585 1246
2586 1247
2587 3298
2588 295
2589 2992
259 484
2590 2427
2591 2448
2592 2365
2593 2305
2594 2914
2595 2912
2596 973
2597 2743
2598 900
2599 3032
26 1269
260 1752
2600 2298
2601 2734
2602 2017
2603 2016
2604 3264
2605 1829
2606 2439
2607 2440
2608 2441
2609 2602
261 1707
2610 3273
2611 3144
2612 3143
2613 2218
2614 2653
2615 2652
2616 2650
2617 2648
2618 2649
2619 2654
262 406
2620 3276
2621 3275
2622 3095
2623 1355
2624 2171
2625 2964
2626 2963
2627 1331
2628 2283
2629 1348
263 162
2630 3004
2631 2977
2632 1865
2633 1333
2634 712
2635 2909
2636 2910
2637 2825
2638 1256
2639 1528
264 1242
2640 1527
2641 1022
2642 2733
2643 2554
2644 2556
2645 2555
2646 846
2647 1448
2648 3238
2649 1258
265 639
2650 1389
2651 824
2652 2015
2653 3121
2654 1890
2655 3202
2656 3131
2657 1084
2658 738
2659 3034
266 165
2660 1388
2661 3212
2662 2971
2663 2089
2664 1492
2665 82
2666 3302
2667 1439
2668 1064
2669 1063
267 256
2670 1065
2671 3108
2672 2875
2673 3030
2674 3253
2675 2758
2676 2070
2677 2391
2678 1119
2679 1960
268 2434
2680 3132
2681 2206
2682 2844
2683 2843
2684 2846
2685 2273
2686 765
2687 3025
2688 3026
2689 3028
269 2506
2690 3201
2691 3248
2692 2496
2693 3021
2694 2579
2695 1874
2696 221
2697 2447
2698 2449
2699 56
27 185
270 2153
2700 2377
2701 1895
2702 1447
2703 2892
2704 2019
2705 2355
2706 3024
2707 1505
2708 2223
2709 2205
271 578
2710 852
2711 1436
2712 2655
2713 3122
2714 2834
2715 1025
2716 2714
2717 2713
2718 2711
2719 2710
272 405
2720 2551
2721 2808
2722 2195
2723 2194
2724 2068
2725 3277
2726 2581
2727 1179
2728 2116
2729 2837
273 324
2730 2510
2731 1991
2732 3054
2733 2057
2734 2020
2735 2456
2736 2428
2737 2431
2738 2038
2739 1410
274 345
2740 1210
2741 3192
2742 432
2743 2785
2744 2065
2745 78
2746 2056
2747 3173
2748 3172
2749 2548
275 6
2750 3205
2751 2748
2752 2827
2753 346
2754 2152
2755 2151
2756 1835
2757 3241
2758 3262
2759 3274
276 868
2760 2490
2761 851
2762 2931
2763 2164
2764 3104
2765 170
2766 3265
2767 1726
2768 2908
2769 3259
277 1637
2770 2851
2771 3088
2772 1921
2773 599
2774 1918
2775 2727
2776 2728
2777 3207
2778 2069
2779 2670
278 1049
2780 1157
2781 2915
2782 3311
2783 600
2784 1772
2785 1779
2786 2191
2787 3146
2788 3145
2789 3057
279 269
2790 1485
2791 2114
2792 1352
2793 1225
2794 750
2795 749
2796 2766
2797 3169
2798 3062
2799 1371
28 73
280 967
2800 2987
2801 2988
2802 957
2803 2969
2804 1035
2805 214
2806 213
2807 212
2808 2769
2809 2018
281 604
2810 1739
2811 1045
2812 1661
2813 1440
2814 2668
2815 2667
2816 3257
2817 3193
2818 2420
2819 2421
282 1712
2820 2828
2821 805
2822 3066
2823 3272
2824 2956
2825 2222
2826 991
2827 1905
2828 2203
2829 3218
283 2625
2830 1469
2831 2472
2832 1945
2833 2067
2834 3287
2835 3002
2836 3230
2837 2957
2838 2959
2839 843
284 1450
2840 319
2841 2270
2842 2269
2843 1267
2844 3084
2845 1091
2846 735
2847 1521
2848 1814
2849 1815
285 1008
2850 858
2851 2854
2852 2896
2853 2897
2854 2902
2855 1677
2856 2747
2857 3305
2858 2436
2859 3094
286 686
2860 1140
2861 2324
2862 3047
2863 2357
2864 2356
2865 474
2866 1568
2867 1376
2868 2578
2869 2277
287 1686
2870 1159
2871 2274
2872 3175
2873 1782
2874 615
2875 3215
2876 1506
2877 1903
2878 1897
2879 2271
288 969
2880 2514
2881 2622
2882 2958
2883 1114
2884 3260
2885 3233
2886 729
2887 728
2888 730
2889 2826
289 1162
2890 3240
2891 2850
2892 2756
2893 2642
2894 1580
2895 2074
2896 2077
2897 2073
2898 1657
2899 2833
29 353
290 2090
2900 2831
2901 2703
2902 2637
2903 2453
2904 2811
2905 3278
2906 2084
2907 1224
2908 3236
2909 1023
291 665
2910 1926
2911 2521
2912 2614
2913 1178
2914 3216
2915 2154
2916 2823
2917 3041
2918 3239
2919 3093
292 3150
2920 3228
2921 1078
2922 1077
2923 2494
2924 2495
2925 3203
2926 1033
2927 537
2928 3065
2929 1377
293 1174
2930 1017
2931 2366
2932 3046
2933 3219
2934 2231
2935 2690
2936 2278
2937 3035
2938 3036
2939 2835
294 979
2940 3086
2941 2012
2942 2155
2943 1805
2944 2640
2945 2820
2946 3056
2947 1507
2948 2488
2949 2814
295 248
2950 3096
2951 2480
2952 2698
2953 3097
2954 2699
2955 2485
2956 3098
2957 2483
2958 2493
2959 2482
296 637
2960 3190
2961 1406
2962 2922
2963 3286
2964 3137
2965 2476
2966 3063
2967 3064
2968 971
2969 268
297 257
2970 173
2971 2372
2972 612
2973 1303
2974 3214
2975 2780
2976 1255
2977 2955
2978 3006
2979 3033
298 933
2980 1018
2981 1817
2982 1919
2983 880
2984 879
2985 881
2986 882
2987 2509
2988 3283
2989 3282
299 472
2990 2818
2991 3280
2992 2196
2993 3245
2994 1722
2995 169
2996 2327
2997 2326
2998 2297
2999 2765
3 1827
30 647
300 608
3000 3300
3001 3250
3002 1413
3003 3049
3004 274
3005 272
3006 270
3007 3209
3008 90
3009 89
301 2609
3010 2596
3011 2595
3012 394
3013 331
3014 1094
3015 259
3016 2750
3017 2749
3018 1330
3019 1375
302 658
3020 1442
3021 1886
3022 1158
3023 3139
3024 2975
3025 2308
3026 3117
3027 3116
3028 400
3029 3051
303 644
3030 3083
3031 1773
3032 229
3033 288
3034 3007
3035 3008
3036 2323
3037 236
3038 1790
3039 3226
304 1828
3040 490
3041 2113
3042 2538
3043 1019
3044 1667
3045 1791
3046 1898
3047 2455
3048 1578
3049 1229
305 411
3050 1228
3051 2584
3052 2585
3053 2590
3054 2588
3055 2505
3056 2504
3057 1830
3058 2375
3059 2796
306 1281
3060 2184
3061 2183
3062 2182
3063 3261
3064 2824
3065 2947
3066 2949
3067 2948
3068 3200
3069 3199
307 1800
3070 2862
3071 1631
3072 2672
3073 3227
3074 886
3075 3142
3076 3087
3077 3213
3078 2066
3079 423
308 594
3080 83
3081 1057
3082 1058
3083 1059
3084 1056
3085 1449
3086 3058
3087 2295
3088 3206
3089 2656
309 2409
3090 2379
3091 2934
3092 958
3093 3031
3094 1775
3095 2952
3096 2951
3097 2950
3098 2760
3099 2757
31 401
310 1050
3100 2405
3101 2404
3102 2403
3103 327
3104 329
3105 614
3106 691
3107 318
3108 2999
3109 2296
311 1668
3110 3091
3111 1020
3112 215
3113 216
3114 2251
3115 79
3116 1565
3117 535
3118 2779
3119 1840
312 2643
3120 1644
3121 1676
3122 1675
3123 990
3124 317
3125 2604
3126 1532
3127 1493
3128 1372
3129 2738
313 1147
3130 2359
3131 2358
3132 1871
3133 3110
3134 3109
3135 2623
3136 2200
3137 2201
3138 1819
3139 2198
314 1251
3140 1274
3141 3029
3142 3258
3143 3136
3144 222
3145 2894
3146 1341
3147 1342
3148 1343
3149 1345
315 2530
3150 1346
3151 1338
3152 1941
3153 396
3154 3234
3155 2286
3156 307
3157 3232
3158 2451
3159 306
316 1286
3160 1949
3161 1947
3162 30
3163 2400
3164 3092
3165 2810
3166 2306
3167 2660
3168 2662
3169 1095
317 2925
3170 2276
3171 2544
3172 2469
3173 2486
3174 2192
3175 887
3176 3210
3177 694
3178 693
3179 3263
318 1139
3180 2322
3181 1569
3182 2953
3183 1524
3184 1525
3185 2552
3186 2822
3187 2502
3188 3126
3189 3127
319 374
3190 1566
3191 1037
3192 960
3193 3197
3194 2972
3195 2058
3196 2378
3197 2986
3198 2860
3199 2861
32 740
320 1798
3200 1944
3201 1900
3202 287
3203 286
3204 293
3205 2876
3206 3101
3207 2157
3208 2115
3209 2536
321 2984
3210 2021
3211 1632
3212 1625
3213 1629
3214 2568
3215 2762
3216 1627
3217 822
3218 2852
3219 2204
322 741
3220 613
3221 3099
3222 1112
3223 3123
3224 3103
3225 972
3226 2631
3227 2630
3228 2170
3229 2419
323 1574
3230 2418
3231 2376
3232 3010
3233 2331
3234 2877
3235 1092
3236 2679
3237 771
3238 772
3239 1922
324 966
3240 1113
3241 1172
3242 1173
3243 3061
3244 1438
3245 2658
3246 2659
3247 1942
3248 2919
3249 1032
325 812
3250 3254
3251 3255
3252 1585
3253 2797
3254 2666
3255 1287
3256 3120
3257 3154
3258 1366
3259 228
326 816
3260 1390
3261 1391
3262 1347
3263 1392
3264 2549
3265 3299
3266 2213
3267 2212
3268 2214
3269 3070
327 814
3270 2230
3271 2232
3272 1725
3273 2100
3274 326
3275 2135
3276 3184
3277 3089
3278 1896
3279 2702
328 340
3280 2249
3281 1116
3282 1479
3283 2829
3284 2830
3285 3296
3286 2777
3287 3170
3288 3171
3289 2920
329 1233
3290 2663
3291 2159
3292 3217
3293 2174
3294 3012
3295 1531
3296 708
3297 2272
3298 2786
3299 3076
33 2216
330 1716
3300 714
3301 3005
3302 1977
3303 1253
3304 2470
3305 1891
3306 1976
3307 3249
3308 2841
3309 2842
331 2754
3310 2345
3311 3246
332 509
333 1405
334 789
335 908
336 2644
337 1688
338 903
339 332
34 15
340 2303
341 683
342 1414
343 2935
344 161
345 1967
346 1633
347 2098
348 1282
349 1953
35 2052
350 529
351 2048
352 1923
353 1244
354 1245
355 1009
356 1002
357 866
358 1293
359 1294
36 344
360 610
361 611
362 2709
363 2043
364 77
365 871
366 24
367 2895
368 2049
369 1638
37 399
370 371
371 2335
372 641
373 949
374 1379
375 526
376 2438
377 1271
378 974
379 595
38 1429
380 2954
381 1866
382 657
383 682
384 877
385 1984
386 1908
387 179
388 550
389 552
39 1153
390 168
391 1534
392 826
393 184
394 186
395 239
396 1692
397 240
398 1754
399 1636
4 980
40 782
400 564
401 1238
402 565
403 559
404 1237
405 560
406 978
407 2789
408 2567
409 1544
41 601
410 1970
411 1713
412 784
413 2576
414 1216
415 1870
416 999
417 609
418 602
419 2519
42 936
420 3077
421 97
422 3
423 930
424 2054
425 1296
426 1297
427 2792
428 1607
429 412
43 924
430 1577
431 596
432 321
433 323
434 180
435 1108
436 2446
437 948
438 946
439 480
44 588
440 2647
441 85
442 2731
443 1
444 950
445 905
446 2101
447 245
448 2773
449 1484
45 1988
450 1483
451 1455
452 2144
453 603
454 3306
455 1457
456 1055
457 2803
458 2802
459 482
46 2746
460 304
461 1518
462 1582
463 902
464 63
465 2867
466 2866
467 787
468 471
469 5
47 243
470 1053
471 404
472 1279
473 1863
474 626
475 1060
476 1529
477 1634
478 2383
479 3059
48 1975
480 1195
481 1010
482 1013
483 477
484 1802
485 1682
486 1681
487 937
488 579
489 2050
49 791
490 1533
491 776
492 145
493 997
494 1280
495 155
496 1144
497 1278
498 2411
499 572
5 2349
50 2674
500 2498
501 642
502 904
503 1826
504 258
505 623
506 181
507 1261
508 1517
509 2302
51 478
510 1478
511 1718
512 1576
513 1575
514 674
515 525
516 431
517 76
518 931
519 853
52 1325
520 790
521 2701
522 74
523 1456
524 2708
525 1088
526 1683
527 2696
528 2974
529 1241
53 2817
530 2511
531 1639
532 2051
533 1539
534 624
535 247
536 2838
537 2801
538 745
539 1499
54 662
540 2094
541 424
542 778
543 1838
544 685
545 687
546 521
547 483
548 520
549 501
55 2707
550 2395
551 2417
552 2082
553 667
554 1416
555 1516
556 894
557 1067
558 1062
559 1755
56 469
560 1564
561 1551
562 1690
563 2105
564 1965
565 2301
566 163
567 2281
568 1735
569 1124
57 1591
570 996
571 499
572 17
573 16
574 500
575 2340
576 1536
577 941
578 2574
579 549
58 659
580 2240
581 2362
582 1087
583 1326
584 1907
585 1268
586 2
587 1573
588 929
589 569
59 2528
590 1708
591 1860
592 61
593 149
594 1540
595 150
596 1143
597 508
598 2645
599 2849
6 1387
60 0
600 1125
601 1149
602 1040
603 343
604 1685
605 533
606 1679
607 1395
608 1006
609 13
61 140
610 369
611 935
612 939
613 1547
614 1654
615 821
616 9
617 337
618 2537
619 487
62 2304
620 1197
621 1196
622 1285
623 1198
624 1714
625 1199
626 1265
627 3017
628 1291
629 528
63 1235
630 527
631 144
632 586
633 4
634 1825
635 775
636 1910
637 818
638 1899
639 1005
64 1123
640 2299
641 2096
642 523
643 1100
644 934
645 94
646 746
647 574
648 473
649 2221
65 1038
650 175
651 1398
652 241
653 2075
654 861
655 638
656 585
657 584
658 661
659 158
66 2753
660 1029
661 336
662 1803
663 583
664 1052
665 764
666 2694
667 156
668 27
669 1260
67 835
670 2884
671 1126
672 2878
673 666
674 2384
675 1689
676 883
677 689
678 589
679 2874
68 2610
680 2363
681 897
682 1122
683 2452
684 1189
685 65
686 495
687 669
688 503
689 2471
69 1378
690 577
691 571
692 1687
693 1236
694 22
695 2129
696 1656
697 481
698 21
699 26
7 643
70 1201
700 23
701 944
702 2360
703 2499
704 2104
705 320
706 476
707 1711
708 1709
709 1710
71 2669
710 635
711 2110
712 153
713 1867
714 71
715 1409
716 1407
717 20
718 2716
719 2097
72 2386
720 2805
721 1717
722 1403
723 925
724 2474
725 1608
726 2267
727 762
728 763
729 558
73 1301
730 1543
731 1401
732 650
733 1989
734 2787
735 342
736 1797
737 1796
738 84
739 62
74 3152
740 354
741 557
742 1061
743 517
744 1691
745 947
746 1954
747 260
748 504
749 2243
75 1030
750 152
751 2120
752 2121
753 548
754 530
755 1051
756 788
757 2563
758 2562
759 2565
76 2385
760 1736
761 1109
762 1191
763 2517
764 932
765 2859
766 1136
767 786
768 889
769 66
77 334
770 1477
771 1415
772 262
773 872
774 86
775 1541
776 3115
777 2437
778 242
779 32
78 649
780 255
781 1249
782 1526
783 2215
784 2093
785 1795
786 1327
787 2463
788 518
789 296
79 29
790 2930
791 780
792 355
793 352
794 1987
795 106
796 2055
797 407
798 1868
799 1016
8 688
80 1503
800 2675
801 2398
802 1192
803 2466
804 261
805 1003
806 1728
807 1099
808 1148
809 1098
81 1794
810 1640
811 2235
812 2042
813 333
814 1096
815 2791
816 1104
817 188
818 351
819 2245
82 1217
820 1753
821 943
822 607
823 3016
824 1732
825 2985
826 1792
827 1514
828 14
829 18
83 1853
830 1584
831 582
832 1027
833 1152
834 1150
835 2266
836 1545
837 1546
838 876
839 2247
84 1481
840 1476
841 502
842 1454
843 781
844 2676
845 1721
846 1145
847 147
848 524
849 1397
85 25
850 1146
851 1837
852 2268
853 707
854 546
855 316
856 2503
857 1542
858 1001
859 356
86 429
860 859
861 856
862 625
863 1963
864 1968
865 1962
866 1105
867 598
868 587
869 2422
87 2312
870 777
871 1138
872 1693
873 1537
874 2284
875 519
876 1220
877 555
878 2507
879 2512
88 166
880 93
881 2686
882 249
883 3114
884 1102
885 2128
886 581
887 430
888 867
889 1452
89 522
890 1451
891 2193
892 2497
893 2053
894 1302
895 2334
896 1007
897 1068
898 573
899 2526
9 1733
90 1763
900 2772
901 870
902 1515
903 303
904 1135
905 497
906 1453
907 1920
908 341
909 2103
91 1121
910 479
911 945
912 1793
913 2108
914 825
915 322
916 335
917 813
918 510
919 1151
92 2940
920 486
921 2673
922 1295
923 1101
924 2352
925 597
926 956
927 1054
928 1399
929 2044
93 1177
930 2682
931 927
932 2397
933 1730
934 2364
935 154
936 553
937 554
938 182
939 1982
94 1093
940 183
941 1981
942 1799
943 138
944 139
945 177
946 475
947 977
948 1234
949 2462
95 1011
950 1154
951 1635
952 928
953 1869
954 1858
955 938
956 506
957 174
958 2677
959 151
96 2106
960 2111
961 773
962 2250
963 1459
964 1475
965 940
966 1110
967 1176
968 1720
969 1188
97 2265
970 1731
971 2706
972 2705
973 1913
974 976
975 1969
976 1089
977 1951
978 819
979 516
98 909
980 146
981 1284
982 1283
983 1428
984 1684
985 968
986 142
987 910
988 998
989 515
99 926
990 513
991 3151
992 2185
993 532
994 514
995 143
996 2122
997 2107
998 8
999 873
