3312
0 0
1 88
10 533
100 747
1000 142
1001 556
1002 967
1003 351
1004 557
1005 591
1006 543
1007 619
1008 545
1009 446
101 910
1010 942
1011 2114
1012 1827
1013 1608
1014 2122
1015 1886
1016 2135
1017 1140
1018 265
1019 1218
102 1065
1020 2138
1021 1793
1022 2141
1023 2143
1024 2148
1025 2151
1026 1473
1027 1934
1028 2158
1029 1153
103 274
1030 1957
1031 1842
1032 2172
1033 2174
1034 2115
1035 2183
1036 2186
1037 1914
1038 1278
1039 1316
104 817
1040 1947
1041 2195
1042 1913
1043 635
1044 2200
1045 1659
1046 1625
1047 1284
1048 2159
1049 2208
105 180
1050 1479
1051 648
1052 1828
1053 2134
1054 2185
1055 2209
1056 2215
1057 1433
1058 1553
1059 2128
106 145
1060 2220
1061 1224
1062 1887
1063 1826
1064 1347
1065 2237
1066 2212
1067 1623
1068 335
1069 2243
107 579
1070 1611
1071 2133
1072 2248
1073 1244
1074 2250
1075 82
1076 2161
1077 2150
1078 1502
1079 1876
108 60
1080 2025
1081 1506
1082 2044
1083 1619
1084 2263
1085 2258
1086 1772
1087 1716
1088 1612
1089 1598
109 956
1090 1495
1091 1217
1092 1334
1093 2238
1094 2267
1095 2223
1096 1851
1097 1998
1098 995
1099 2274
11 666
110 989
1100 1063
1101 1983
1102 1725
1103 2076
1104 2277
1105 1981
1106 1966
1107 1491
1108 2269
1109 2021
111 47
1110 2279
1111 2094
1112 1951
1113 2283
1114 1249
1115 213
1116 1060
1117 641
1118 2229
1119 2055
112 1330
1120 1980
1121 2286
1122 1919
1123 2221
1124 1190
1125 1161
1126 1439
1127 1283
1128 1662
1129 1254
113 1053
1130 2219
1131 326
1132 1967
1133 2290
1134 690
1135 638
1136 629
1137 1113
1138 1107
1139 1653
114 1335
1140 1449
1141 1638
1142 2294
1143 2002
1144 569
1145 2023
1146 2298
1147 1949
1148 315
1149 2273
115 385
1150 1173
1151 1288
1152 2032
1153 2300
1154 640
1155 2315
1156 2317
1157 1469
1158 1203
1159 2079
116 513
1160 1867
1161 2216
1162 2321
1163 1964
1164 2330
1165 798
1166 2332
1167 2337
1168 242
1169 81
117 1735
1170 1180
1171 2214
1172 246
1173 2341
1174 1494
1175 1556
1176 1362
1177 1314
1178 1787
1179 1899
118 1068
1180 2262
1181 1946
1182 2362
1183 2379
1184 1448
1185 2001
1186 1291
1187 1251
1188 1233
1189 1958
119 909
1190 1487
1191 1541
1192 2296
1193 1207
1194 2101
1195 2026
1196 1884
1197 1050
1198 1035
1199 84
12 780
120 255
1200 1493
1201 2390
1202 2381
1203 161
1204 2392
1205 1825
1206 1976
1207 2234
1208 2393
1209 1270
121 380
1210 1982
1211 2247
1212 123
1213 2316
1214 1202
1215 1639
1216 1395
1217 2105
1218 1417
1219 1923
122 339
1220 83
1221 1667
1222 2367
1223 1474
1224 417
1225 2194
1226 332
1227 1877
1228 804
1229 1697
123 726
1230 1345
1231 112
1232 341
1233 2394
1234 1307
1235 1759
1236 313
1237 2396
1238 1118
1239 132
124 1750
1240 1396
1241 110
1242 1699
1243 415
1244 1955
1245 1879
1246 2168
1247 1248
1248 1154
1249 144
125 905
1250 2017
1251 1624
1252 1087
1253 647
1254 240
1255 1172
1256 1979
1257 1453
1258 1786
1259 2297
126 454
1260 2398
1261 2401
1262 330
1263 1909
1264 1139
1265 1931
1266 2374
1267 877
1268 2326
1269 1471
127 1096
1270 2293
1271 2403
1272 215
1273 869
1274 2201
1275 1634
1276 159
1277 1996
1278 2405
1279 542
128 1760
1280 2407
1281 252
1282 277
1283 2409
1284 1138
1285 1701
1286 1627
1287 2080
1288 1076
1289 650
129 816
1290 1922
1291 2205
1292 2411
1293 2081
1294 1644
1295 141
1296 2203
1297 1615
1298 1812
1299 1888
13 812
130 637
1300 2014
1301 1289
1302 1160
1303 1792
1304 2314
1305 1705
1306 2415
1307 2053
1308 1114
1309 1948
131 818
1310 2417
1311 1833
1312 1529
1313 2285
1314 1941
1315 2421
1316 2027
1317 2270
1318 1755
1319 2426
132 1080
1320 329
1321 325
1322 333
1323 2428
1324 1929
1325 1930
1326 1342
1327 1757
1328 499
1329 2308
133 994
1330 1536
1331 2328
1332 411
1333 1676
1334 1733
1335 2329
1336 558
1337 1780
1338 1988
1339 868
134 814
1340 1193
1341 2359
1342 2311
1343 1791
1344 2204
1345 2429
1346 2433
1347 1599
1348 1703
1349 1921
135 776
1350 2102
1351 1062
1352 2233
1353 1704
1354 1424
1355 2155
1356 502
1357 540
1358 1974
1359 1583
136 963
1360 1692
1361 2435
1362 1444
1363 2179
1364 2108
1365 2131
1366 1540
1367 1943
1368 2154
1369 1753
137 1380
1370 2028
1371 2162
1372 2444
1373 2031
1374 811
1375 1754
1376 611
1377 2443
1378 2123
1379 2251
138 25
1380 2125
1381 2322
1382 2207
1383 212
1384 1969
1385 1559
1386 865
1387 1111
1388 2447
1389 2299
139 509
1390 318
1391 2099
1392 1496
1393 1364
1394 36
1395 2284
1396 1618
1397 1622
1398 2451
1399 2456
14 625
140 819
1400 2455
1401 2022
1402 2457
1403 316
1404 1498
1405 2066
1406 1582
1407 1898
1408 1029
1409 245
141 968
1410 1191
1411 1916
1412 1901
1413 1397
1414 2152
1415 2156
1416 1059
1417 1610
1418 2416
1419 1221
142 828
1420 1091
1421 1398
1422 689
1423 687
1424 1798
1425 1492
1426 1500
1427 1607
1428 2468
1429 2469
143 1086
1430 2470
1431 1752
1432 491
1433 1112
1434 2361
1435 2266
1436 2360
1437 2449
1438 2310
1439 1163
144 710
1440 1165
1441 2225
1442 1499
1443 2472
1444 1164
1445 1617
1446 2436
1447 2438
1448 2437
1449 1419
145 893
1450 1282
1451 2087
1452 1965
1453 1674
1454 870
1455 2093
1456 803
1457 1650
1458 1243
1459 2278
146 969
1460 107
1461 760
1462 2252
1463 2084
1464 106
1465 1813
1466 2475
1467 2477
1468 2478
1469 1045
147 718
1470 1657
1471 2479
1472 2303
1473 2304
1474 1195
1475 1823
1476 2153
1477 2481
1478 1149
1479 1446
148 860
1480 1776
1481 568
1482 2288
1483 2420
1484 2434
1485 2187
1486 2177
1487 1669
1488 1987
1489 562
149 1338
1490 2012
1491 2184
1492 1136
1493 1530
1494 63
1495 2218
1496 2139
1497 2483
1498 636
1499 1616
15 206
150 1144
1500 1597
1501 2484
1502 2485
1503 1855
1504 2254
1505 1862
1506 1794
1507 1796
1508 1175
1509 1332
151 740
1510 2488
1511 1466
1512 244
1513 1014
1514 109
1515 1109
1516 2309
1517 2325
1518 465
1519 466
152 1046
1520 2395
1521 1414
1522 2427
1523 2338
1524 241
1525 1445
1526 105
1527 2149
1528 1148
1529 1178
153 135
1530 2004
1531 305
1532 1918
1533 1613
1534 2474
1535 2473
1536 1280
1537 639
1538 1960
1539 2235
154 614
1540 2364
1541 2363
1542 688
1543 1311
1544 1544
1545 1606
1546 2490
1547 2491
1548 1440
1549 1141
155 716
1550 1758
1551 320
1552 2224
1553 889
1554 560
1555 2493
1556 2494
1557 2496
1558 2497
1559 2498
156 799
1560 866
1561 2182
1562 1989
1563 2281
1564 2280
1565 2282
1566 1858
1567 2500
1568 337
1569 2306
157 53
1570 2305
1571 1205
1572 1894
1573 2086
1574 2408
1575 2487
1576 2503
1577 874
1578 2005
1579 571
158 356
1580 1539
1581 1432
1582 2098
1583 1942
1584 2107
1585 2302
1586 886
1587 1051
1588 1661
1589 1663
159 202
1590 2091
1591 2126
1592 2505
1593 2507
1594 2506
1595 2509
1596 2510
1597 1306
1598 1436
1599 1485
16 892
160 957
1600 1504
1601 2307
1602 2439
1603 1926
1604 1977
1605 2253
1606 1978
1607 1365
1608 1490
1609 1651
161 1085
1610 2419
1611 2511
1612 1908
1613 1285
1614 2192
1615 1915
1616 2145
1617 693
1618 2171
1619 1234
162 1815
1620 2137
1621 2245
1622 1635
1623 2513
1624 1515
1625 2424
1626 419
1627 2259
1628 1267
1629 2301
163 52
1630 87
1631 126
1632 1552
1633 1103
1634 566
1635 1641
1636 649
1637 500
1638 501
1639 1723
164 321
1640 2423
1641 2515
1642 1514
1643 1216
1644 2517
1645 2049
1646 324
1647 2495
1648 1290
1649 214
165 1771
1650 163
1651 1872
1652 2519
1653 2397
1654 1480
1655 1442
1656 2522
1657 1939
1658 2029
1659 1994
166 506
1660 1717
1661 1443
1662 1349
1663 1945
1664 1245
1665 2116
1666 2118
1667 1132
1668 867
1669 695
167 720
1670 2526
1671 2527
1672 319
1673 1724
1674 2287
1675 1394
1676 2268
1677 1348
1678 1031
1679 1822
168 1437
1680 2124
1681 1895
1682 1279
1683 1928
1684 1927
1685 1486
1686 2499
1687 314
1688 1749
1689 2334
169 1409
1690 1147
1691 2528
1692 2508
1693 2399
1694 2425
1695 1146
1696 2532
1697 2533
1698 2095
1699 1734
17 937
170 853
1700 2489
1701 1145
1702 1379
1703 1378
1704 1673
1705 692
1706 416
1707 1392
1708 1201
1709 2011
171 684
1710 247
1711 1477
1712 1476
1713 1475
1714 871
1715 1581
1716 1654
1717 1655
1718 1271
1719 2518
172 262
1720 68
1721 239
1722 2432
1723 1150
1724 273
1725 1614
1726 1313
1727 1346
1728 2257
1729 1656
173 64
1730 2295
1731 1586
1732 1587
1733 2132
1734 2170
1735 1584
1736 1585
1737 1938
1738 1531
1739 1236
174 915
1740 278
1741 492
1742 1880
1743 1817
1744 2127
1745 1470
1746 2140
1747 65
1748 1110
1749 1844
175 1829
1750 2402
1751 1543
1752 1640
1753 1268
1754 2516
1755 2383
1756 2460
1757 1857
1758 1968
1759 2176
176 1069
1760 2413
1761 104
1762 1637
1763 2492
1764 488
1765 1399
1766 279
1767 2276
1768 2275
1769 1277
177 861
1770 1811
1771 1814
1772 420
1773 2193
1774 1223
1775 1501
1776 1484
1777 1985
1778 2534
1779 2340
178 248
1780 1075
1781 1222
1782 2502
1783 2480
1784 2459
1785 2461
1786 2465
1787 1074
1788 130
1789 1481
179 782
1790 2463
1791 2157
1792 1678
1793 1679
1794 1668
1795 2331
1796 1343
1797 1664
1798 2535
1799 2365
18 711
180 594
1800 2538
1801 304
1802 2013
1803 2376
1804 1732
1805 2018
1806 1292
1807 2370
1808 2540
1809 2242
181 933
1810 2422
1811 487
1812 2347
1813 2349
1814 1171
1815 2529
1816 1665
1817 2514
1818 1975
1819 1984
182 652
1820 694
1821 334
1822 2129
1823 1873
1824 1135
1825 1861
1826 2339
1827 2092
1828 634
1829 2440
183 1265
1830 2335
1831 559
1832 2525
1833 2523
1834 2386
1835 2387
1836 2382
1837 2385
1838 2384
1839 1932
184 146
1840 2227
1841 2380
1842 1652
1843 2113
1844 2400
1845 1376
1846 1856
1847 2466
1848 1551
1849 468
185 42
1850 254
1851 306
1852 1192
1853 1231
1854 2412
1855 1944
1856 2521
1857 406
1858 405
1859 441
186 1006
1860 1620
1861 2375
1862 2471
1863 561
1864 2222
1865 2404
1866 1961
1867 2164
1868 2520
1869 2056
187 706
1870 1781
1871 2069
1872 1986
1873 2030
1874 1920
1875 2144
1876 113
1877 2486
1878 1850
1879 1777
188 908
1880 1454
1881 1963
1882 2541
1883 327
1884 1970
1885 328
1886 1783
1887 2260
1888 2261
1889 2206
189 1054
1890 1497
1891 1162
1892 2202
1893 1061
1894 1151
1895 797
1896 1363
1897 1361
1898 1521
1899 1520
19 837
190 1183
1900 1666
1901 2015
1902 1626
1903 1516
1904 2446
1905 1933
1906 2051
1907 2142
1908 2333
1909 2482
191 378
1910 1863
1911 1636
1912 1174
1913 2545
1914 2549
1915 2467
1916 691
1917 1235
1918 157
1919 264
192 1375
1920 1748
1921 783
1922 2016
1923 2217
1924 1633
1925 1849
1926 1677
1927 2462
1928 2464
1929 2096
193 985
1930 1841
1931 1875
1932 2255
1933 767
1934 263
1935 2501
1936 2504
1937 122
1938 1423
1939 2045
194 792
1940 1237
1941 1954
1942 1601
1943 1225
1944 1782
1945 1997
1946 2178
1947 2181
1948 1799
1949 1269
195 1369
1950 1505
1951 95
1952 1950
1953 2414
1954 1672
1955 1658
1956 216
1957 1472
1958 1726
1959 1727
196 769
1960 1287
1961 2211
1962 2210
1963 2213
1964 162
1965 1702
1966 408
1967 1609
1968 1214
1969 1255
197 1168
1970 2452
1971 2454
1972 1215
1973 2319
1974 2240
1975 2318
1976 541
1977 1756
1978 1418
1979 108
198 827
1980 1594
1981 1489
1982 2448
1983 2450
1984 67
1985 1940
1986 66
1987 2147
1988 2146
1989 111
199 1721
1990 1832
1991 134
1992 2530
1993 2531
1994 1778
1995 2320
1996 2057
1997 2058
1998 1056
1999 253
2 217
20 472
200 752
2000 1377
2001 1089
2002 1671
2003 1670
2004 1204
2005 1810
2006 1206
2007 2117
2008 2265
2009 418
201 58
2010 1774
2011 1775
2012 1773
2013 503
2014 2175
2015 2180
2016 2550
2017 2551
2018 140
2019 2453
202 656
2020 2406
2021 2324
2022 2458
2023 1232
2024 1272
2025 2008
2026 2239
2027 2241
2028 2121
2029 2119
203 370
2030 2552
2031 121
2032 1852
2033 1517
2034 1488
2035 1600
2036 1917
2037 2054
2038 2554
2039 2555
204 664
2040 2120
2041 266
2042 2410
2043 1538
2044 2366
2045 2476
2046 2291
2047 2292
2048 1090
2049 1088
205 1859
2050 410
2051 1366
2052 2009
2053 1522
2054 2083
2055 2271
2056 2272
2057 1722
2058 1252
2059 1250
206 1266
2060 2391
2061 2112
2062 2556
2063 2160
2064 781
2065 1156
2066 131
2067 2559
2068 2430
2069 2431
207 349
2070 1588
2071 2236
2072 2010
2073 1032
2074 1503
2075 1848
2076 2256
2077 1959
2078 2097
2079 2323
208 437
2080 1675
2081 98
2082 497
2083 498
2084 1253
2085 2560
2086 2563
2087 2561
2088 2445
2089 2562
209 1317
2090 2553
2091 1711
2092 421
2093 1885
2094 1904
2095 2085
2096 1820
2097 1952
2098 160
2099 1478
21 1030
210 486
2100 2544
2101 2542
2102 2543
2103 2003
2104 165
2105 570
2106 1542
2107 2537
2108 2536
2109 1853
211 436
2110 1854
2111 1441
2112 409
2113 2289
2114 158
2115 336
2116 2418
2117 2173
2118 312
2119 1281
212 890
2120 2327
2121 1660
2122 1903
2123 1925
2124 1953
2125 59
2126 2557
2127 2558
2128 1956
2129 1567
213 8
2130 1256
2131 1568
2132 2232
2133 2228
2134 1467
2135 2100
2136 37
2137 2244
2138 2136
2139 567
214 700
2140 2163
2141 2130
2142 2547
2143 2546
2144 2548
2145 2019
2146 2564
2147 2246
2148 156
2149 810
215 1868
2150 155
2151 490
2152 2356
2153 2539
2154 2524
2155 2512
2156 2249
2157 1137
2158 2264
2159 489
216 1645
2160 1560
2161 97
2162 2565
2163 2566
2164 2567
2165 1176
2166 1181
2167 1962
2168 1106
2169 1179
217 1108
2170 2226
2171 2230
2172 2231
2173 1558
2174 1557
2175 1847
2176 2336
2177 2568
2178 2570
2179 2576
218 1017
2180 2578
2181 1117
2182 2580
2183 832
2184 2582
2185 1907
2186 2586
2187 2588
2188 2590
2189 2592
219 736
2190 2595
2191 2597
2192 2600
2193 1973
2194 2602
2195 2604
2196 1461
2197 2606
2198 2608
2199 1533
22 148
220 882
2200 2577
2201 2610
2202 538
2203 2611
2204 2613
2205 2616
2206 2619
2207 1741
2208 2623
2209 2605
221 753
2210 1694
2211 2633
2212 2635
2213 632
2214 588
2215 2641
2216 1936
2217 2442
2218 2643
2219 220
222 1631
2220 2645
2221 495
2222 2646
2223 2649
2224 2653
2225 2659
2226 2661
2227 2664
2228 2666
2229 2668
223 1194
2230 2670
2231 2673
2232 2674
2233 404
2234 2686
2235 2693
2236 2020
2237 2039
2238 2695
2239 2698
224 1073
2240 2700
2241 2703
2242 496
2243 2705
2244 633
2245 1571
2246 2710
2247 2713
2248 2717
2249 2722
225 1889
2250 2724
2251 2346
2252 2726
2253 1710
2254 2728
2255 2730
2256 2732
2257 1152
2258 2574
2259 1706
226 1007
2260 469
2261 2584
2262 2734
2263 2350
2264 2650
2265 2614
2266 1685
2267 2736
2268 2739
2269 2628
227 759
2270 2691
2271 2741
2272 2749
2273 2753
2274 2377
2275 1696
2276 578
2277 2754
2278 1047
2279 2756
228 243
2280 2758
2281 2609
2282 464
2283 2199
2284 2760
2285 2763
2286 2770
2287 2779
2288 2781
2289 1902
229 1372
2290 1831
2291 2783
2292 1359
2293 1242
2294 2785
2295 2775
2296 2787
2297 2789
2298 2791
2299 1709
23 991
230 862
2300 2793
2301 2795
2302 2761
2303 2593
2304 2797
2305 2799
2306 2585
2307 2801
2308 2803
2309 2807
231 734
2310 1578
2311 2782
2312 229
2313 2809
2314 2811
2315 2813
2316 584
2317 2815
2318 1468
2319 1766
232 256
2320 1019
2321 2817
2322 2680
2323 2777
2324 2706
2325 2819
2326 2634
2327 2822
2328 1602
2329 2824
233 1071
2330 2825
2331 2827
2332 2343
2333 2834
2334 2836
2335 2773
2336 2062
2337 470
2338 2841
2339 360
234 745
2340 1562
2341 2663
2342 1438
2343 2843
2344 2198
2345 2671
2346 2845
2347 888
2348 2848
2349 2720
235 331
2350 2851
2351 1545
2352 2854
2353 2856
2354 2858
2355 2861
2356 2583
2357 2860
2358 2863
2359 2865
236 236
2360 1924
2361 651
2362 2071
2363 1482
2364 2106
2365 2867
2366 2715
2367 2869
2368 2873
2369 2874
237 955
2370 2876
2371 795
2372 2878
2373 2879
2374 1882
2375 2627
2376 2881
2377 2884
2378 2886
2379 1805
238 1537
2380 2890
2381 779
2382 375
2383 2892
2384 2894
2385 1048
2386 2896
2387 1210
2388 2898
2389 2899
239 371
2390 1579
2391 221
2392 2901
2393 1319
2394 1818
2395 2903
2396 2068
2397 1819
2398 2660
2399 1561
24 283
240 659
2400 1555
2401 1018
2402 2906
2403 2914
2404 2917
2405 2913
2406 585
2407 1027
2408 2024
2409 2919
241 514
2410 2923
2411 2925
2412 2735
2413 2927
2414 2931
2415 1259
2416 1870
2417 2933
2418 1211
2419 1836
242 864
2420 1874
2421 2935
2422 1511
2423 2638
2424 2942
2425 2946
2426 2065
2427 1707
2428 2948
2429 1790
243 455
2430 2952
2431 2953
2432 2910
2433 2955
2434 1525
2435 2941
2436 2957
2437 1806
2438 678
2439 2958
244 727
2440 2947
2441 1094
2442 1708
2443 2940
2444 2840
2445 2960
2446 1713
2447 1158
2448 2962
2449 2965
245 447
2450 2967
2451 2969
2452 2971
2453 2975
2454 1299
2455 1010
2456 2191
2457 2816
2458 2977
2459 2980
246 901
2460 616
2461 1866
2462 2982
2463 1041
2464 1261
2465 677
2466 1518
2467 2313
2468 2678
2469 2685
247 353
2470 2312
2471 1840
2472 2984
2473 1580
2474 2636
2475 2986
2476 2572
2477 2988
2478 2197
2479 2855
248 751
2480 1452
2481 2991
2482 1628
2483 1572
2484 2993
2485 1574
2486 1547
2487 1690
2488 2601
2489 222
249 1296
2490 2167
2491 2651
2492 2995
2493 2998
2494 1036
2495 3000
2496 3002
2497 2997
2498 2640
2499 2598
25 731
250 813
2500 2835
2501 3003
2502 2885
2503 2358
2504 2607
2505 3007
2506 2762
2507 2709
2508 2642
2509 1057
251 878
2510 2689
2511 3009
2512 2581
2513 1260
2514 1649
2515 2930
2516 2872
2517 2870
2518 3011
2519 2729
252 1276
2520 3013
2521 3015
2522 3018
2523 2954
2524 3020
2525 1742
2526 3022
2527 3024
2528 1513
2529 1450
253 547
2530 1937
2531 675
2532 682
2533 674
2534 1575
2535 1576
2536 2759
2537 3026
2538 2808
2539 1905
254 116
2540 2676
2541 3027
2542 3029
2543 2831
2544 2832
2545 1632
2546 2599
2547 3031
2548 2849
2549 2973
255 669
2550 1550
2551 3033
2552 2196
2553 2911
2554 2731
2555 3034
2556 1415
2557 3016
2558 2655
2559 902
256 958
2560 3036
2561 1764
2562 2964
2563 2963
2564 2866
2565 2857
2566 2648
2567 2647
2568 3038
2569 3040
257 1509
2570 1227
2571 1228
2572 3042
2573 2883
2574 288
2575 3044
2576 2389
2577 3046
2578 2166
2579 1026
258 1002
2580 1025
2581 3037
2582 3048
2583 1546
2584 1023
2585 1021
2586 1120
2587 3050
2588 338
2589 3051
259 203
2590 2573
2591 1322
2592 1999
2593 1528
2594 2820
2595 2821
2596 361
2597 2669
2598 2850
2599 1648
26 565
260 645
2600 3052
2601 3056
2602 2744
2603 2743
2604 3058
2605 2681
2606 3060
2607 3061
2608 3062
2609 1577
261 654
2610 3063
2611 3066
2612 3067
2613 2682
2614 2767
2615 2764
2616 2765
2617 2766
2618 2768
2619 2769
262 79
2620 3068
2621 3069
2622 3070
2623 2082
2624 2189
2625 3072
2626 3073
2627 3074
2628 2891
2629 1808
263 268
2630 2818
2631 2992
2632 1834
2633 3047
2634 2594
2635 3076
2636 3077
2637 3078
2638 1016
2639 1730
264 19
2640 1731
2641 1740
2642 3057
2643 3080
2644 3082
2645 3081
2646 1095
2647 1821
2648 3083
2649 1681
265 622
2650 3084
2651 289
2652 2742
2653 3086
2654 2034
2655 3089
2656 2603
2657 1159
2658 1824
2659 3091
266 91
2660 3085
2661 3094
2662 3049
2663 2369
2664 2368
2665 302
2666 2589
2667 680
2668 1039
2669 1040
267 276
2670 1038
2671 2959
2672 1121
2673 3095
2674 3097
2675 2622
2676 1995
2677 833
2678 376
2679 3098
268 806
2680 3099
2681 3100
2682 2888
2683 2889
2684 2887
2685 3102
2686 176
2687 2922
2688 2920
2689 2921
269 1604
2690 3090
2691 2704
2692 1642
2693 2880
2694 3008
2695 2639
2696 2165
2697 1323
2698 1324
2699 463
27 922
270 642
2700 3105
2701 1769
2702 1900
2703 1804
2704 2745
2705 1883
2706 2961
2707 1785
2708 3108
2709 3101
271 524
2710 3110
2711 676
2712 3112
2713 3087
2714 3114
2715 2987
2716 3116
2717 3117
2718 3118
2719 3119
272 275
2720 1465
2721 1807
2722 3120
2723 3121
2724 1992
2725 3122
2726 3017
2727 3123
2728 101
2729 3041
273 1402
2730 823
2731 471
2732 3023
2733 2719
2734 2747
2735 3125
2736 2571
2737 2575
2738 1745
2739 1784
274 369
2740 1864
2741 2926
2742 2077
2743 3127
2744 1795
2745 310
2746 2718
2747 3129
2748 3130
2749 3131
275 143
2750 2757
2751 1426
2752 3133
2753 1209
2754 3136
2755 3137
2756 2064
2757 3039
2758 3138
2759 3065
276 732
2760 2355
2761 3111
2762 2615
2763 2788
2764 3140
2765 1166
2766 3059
2767 1524
2768 2814
2769 3142
277 998
2770 1024
2771 3144
2772 3146
2773 971
2774 539
2775 2738
2776 2737
2777 2750
2778 1993
2779 2656
278 563
2780 2654
2781 2902
2782 3148
2783 1381
2784 2907
2785 2912
2786 2897
2787 3149
2788 3150
2789 3151
279 520
2790 1896
2791 1246
2792 1878
2793 2852
2794 1220
2795 1219
2796 3153
2797 2723
2798 3155
2799 973
28 136
280 916
2800 3157
2801 3158
2802 3159
2803 3161
2804 3021
2805 3162
2806 3165
2807 3163
2808 2859
2809 2746
281 697
2810 1845
2811 2662
2812 808
2813 681
2814 3167
2815 3168
2816 2893
2817 2985
2818 3169
2819 3170
282 1009
2820 3135
2821 2740
2822 3171
2823 3064
2824 3173
2825 3109
2826 2067
2827 2090
2828 3175
2829 2978
283 344
2830 2784
2831 2802
2832 2771
2833 1991
2834 3177
2835 2877
2836 2864
2837 3179
2838 3180
2839 1403
284 1015
2840 1093
2841 3182
2842 3183
2843 577
2844 2665
2845 590
2846 3012
2847 2371
2848 2372
2849 2373
285 192
2850 1011
2851 1720
2852 3184
2853 3185
2854 2999
2855 1737
2856 1425
2857 1897
2858 1410
2859 3071
286 628
2860 887
2861 3006
2862 3186
2863 1691
2864 1595
2865 1115
2866 2905
2867 3188
2868 1519
2869 3191
287 982
2870 2658
2871 2733
2872 2895
2873 1816
2874 3194
2875 3198
2876 3200
2877 1765
2878 1763
2879 3104
288 1680
2880 2078
2881 3202
2882 3181
2883 2936
2884 3204
2885 3205
2886 2944
2887 2943
2888 2945
2889 3134
289 1157
2890 3206
2891 1990
2892 2794
2893 3032
2894 1686
2895 1891
2896 1893
2897 1892
2898 2072
2899 2618
29 1196
290 51
2900 2617
2901 1462
2902 3028
2903 2569
2904 2725
2905 2800
2906 2994
2907 2853
2908 2983
2909 1839
291 173
2910 2970
2911 2612
2912 2976
2913 3124
2914 3199
2915 3208
2916 2388
2917 2796
2918 3207
2919 1683
292 1728
2920 3210
2921 3211
2922 3212
2923 1434
2924 1435
2925 3213
2926 3214
2927 1483
2928 3172
2929 3190
293 4
2930 1837
2931 2996
2932 3187
2933 2979
2934 2804
2935 2579
2936 3193
2937 3092
2938 3093
2939 3115
294 282
2940 3216
2941 2900
2942 3209
2943 1715
2944 3030
2945 2862
2946 3152
2947 3201
2948 2342
2949 2033
295 153
2950 3218
2951 2353
2952 2357
2953 3219
2954 2354
2955 2344
2956 3220
2957 2351
2958 2348
2959 2352
296 620
2960 2918
2961 1718
2962 3221
2963 3178
2964 3222
2965 2882
2966 3224
2967 3225
2968 3226
2969 1360
297 340
2970 1736
2971 2934
2972 3197
2973 3228
2974 3229
2975 3231
2976 1258
2977 3174
2978 3233
2979 1843
298 943
2980 1838
2981 2972
2982 2000
2983 1301
2984 1300
2985 1298
2986 1302
2987 822
2988 3234
2989 3235
299 1911
2990 3236
2991 3237
2992 2694
2993 3238
2994 1098
2995 1105
2996 2828
2997 2833
2998 3055
2999 3154
3 230
30 129
300 1382
3000 3240
3001 3242
3002 3025
3003 3244
3004 1935
3005 1549
3006 1358
3007 2751
3008 1621
3009 1104
301 1570
3010 3245
3011 3246
3012 1212
3013 439
3014 1429
3015 1042
3016 2696
3017 2697
3018 3075
3019 3189
302 196
3020 673
3021 1177
3022 2657
3023 2792
3024 3014
3025 1535
3026 3247
3027 3248
3028 617
3029 2755
303 152
3030 2798
3031 2909
3032 2989
3033 2679
3034 2712
3035 2711
3036 3004
3037 2441
3038 3249
3039 3251
304 235
3040 1037
3041 1226
3042 1906
3043 1739
3044 1064
3045 3250
3046 1762
3047 3126
3048 1698
3049 3253
305 237
3050 3254
3051 2688
3052 2687
3053 2690
3054 2692
3055 3255
3056 3256
3057 2683
3058 3107
3059 2842
306 917
3060 3257
3061 3258
3062 3259
3063 3139
3064 3079
3065 3260
3066 3262
3067 3261
3068 3263
3069 3264
307 932
3070 2875
3071 2629
3072 2630
3073 3252
3074 2707
3075 2966
3076 3217
3077 3230
3078 2111
3079 1747
308 73
3080 1746
3081 3265
3082 3266
3083 3268
3084 3267
3085 1695
3086 3269
3087 3054
3088 2752
3089 3113
309 1083
3090 3270
3091 3272
3092 3160
3093 1647
3094 2908
3095 3273
3096 3275
3097 3276
3098 2621
3099 2620
31 250
310 564
3100 3277
3101 3278
3102 3279
3103 1971
3104 1972
3105 3195
3106 2949
3107 1092
3108 2871
3109 3053
311 1170
3110 3035
3111 1835
3112 3166
3113 3164
3114 2699
3115 618
3116 2702
3117 1738
3118 3232
3119 2063
312 1405
3120 903
3121 1126
3122 1125
3123 2052
3124 467
3125 1573
3126 3280
3127 2378
3128 974
3129 2748
313 427
3130 1800
3131 1801
3132 2637
3133 2928
3134 2929
3135 3203
3136 3281
3137 3282
3138 2974
3139 2587
314 425
3140 1512
3141 3096
3142 3143
3143 3223
3144 2169
3145 2596
3146 223
3147 225
3148 227
3149 226
315 426
3150 224
3151 219
3152 3283
3153 1312
3154 2981
3155 1789
3156 831
3157 2810
3158 403
3159 1273
316 842
3160 2778
3161 2776
3162 615
3163 3045
3164 1563
3165 1881
3166 1534
3167 2838
3168 2839
3169 1464
317 612
3170 3192
3171 2652
3172 2915
3173 2345
3174 1241
3175 2708
3176 2844
3177 2951
3178 2950
3179 3284
318 744
3180 3005
3181 2904
3182 3274
3183 1367
3184 1589
3185 401
3186 1719
3187 1532
3188 2716
3189 2714
319 775
3190 2701
3191 1643
3192 3043
3193 2786
3194 2644
3195 2721
3196 3271
3197 3285
3198 3286
3199 3287
32 1238
320 854
3200 2772
3201 1767
3202 2677
3203 2675
3204 2684
3205 290
3206 3010
3207 1865
3208 1247
3209 1318
321 1428
3210 1770
3211 2631
3212 2624
3213 2626
3214 2632
3215 2780
3216 2625
3217 287
3218 2956
3219 3176
322 1744
3220 3196
3221 2823
3222 2938
3223 3019
3224 3141
3225 3227
3226 2847
3227 2846
3228 2188
3229 3288
323 993
3230 3289
3231 3106
3232 2830
3233 2829
3234 1700
3235 589
3236 1451
3237 3290
3238 3291
3239 3147
324 1328
3240 2937
3241 3292
3242 3293
3243 3156
3244 679
3245 3294
3246 3295
3247 2774
3248 3296
3249 3215
325 1329
3250 3298
3251 3299
3252 1310
3253 1430
3254 2790
3255 1413
3256 3088
3257 2932
3258 631
3259 2990
326 1331
3260 3300
3261 3301
3262 1871
3263 3302
3264 3132
3265 3241
3266 44
3267 43
3268 45
3269 2672
327 1352
3270 2806
3271 2805
3272 1526
3273 2038
3274 440
3275 2924
3276 2968
3277 3145
3278 1768
3279 1460
328 443
3280 2826
3281 2939
3282 2812
3283 3303
3284 3304
3285 2868
3286 1803
3287 3305
3288 3306
3289 3297
329 367
3290 2837
3291 1134
3292 3307
3293 2190
3294 3001
3295 228
3296 1910
3297 3103
3298 3128
3299 2667
33 1275
330 435
3300 2591
3301 1682
3302 3308
3303 1257
3304 2916
3305 2035
3306 3309
3307 3243
3308 3310
3309 3311
331 1565
3310 2727
3311 3239
332 749
333 1404
334 770
335 149
336 741
337 1100
338 580
339 402
34 757
340 981
341 630
342 1743
343 705
344 270
345 976
346 1846
347 1034
348 397
349 601
35 928
350 291
351 1028
352 1119
353 322
354 1022
355 586
356 602
357 1127
358 1357
359 1548
36 368
360 1387
361 1388
362 1458
363 529
364 195
365 572
366 807
367 952
368 950
369 929
37 876
370 1779
371 2006
372 729
373 597
374 186
375 294
376 610
377 598
378 359
379 28
38 964
380 1124
381 38
382 884
383 57
384 62
385 657
386 658
387 661
388 1295
389 671
39 948
390 115
391 885
392 284
393 921
394 918
395 1408
396 6
397 5
398 708
399 1809
4 280
40 851
400 398
401 399
402 400
403 844
404 846
405 845
406 299
407 1412
408 1052
409 379
41 970
410 512
411 859
412 912
413 1507
414 549
415 49
416 350
417 904
418 913
419 1386
42 526
420 1072
421 323
422 609
423 14
424 343
425 269
426 1554
427 1431
428 1629
429 238
43 22
430 90
431 72
432 1353
433 1401
434 667
435 977
436 980
437 1422
438 748
439 193
44 30
440 728
441 303
442 1188
443 608
444 190
445 191
446 2036
447 169
448 898
449 788
45 707
450 535
451 789
452 41
453 999
454 1383
455 544
456 717
457 2040
458 2041
459 801
46 992
460 178
461 1101
462 536
463 1463
464 309
465 2042
466 2043
467 1389
468 1912
469 147
47 9
470 183
471 77
472 895
473 825
474 1213
475 257
476 260
477 930
478 70
479 1830
48 179
480 1186
481 553
482 552
483 204
484 850
485 1355
486 1354
487 525
488 484
489 946
49 445
490 873
491 2046
492 843
493 508
494 352
495 510
496 829
497 894
498 1393
499 348
5 362
50 1421
500 959
501 207
502 208
503 233
504 85
505 127
506 668
507 1070
508 785
509 855
51 554
510 211
511 863
512 996
513 1693
514 55
515 295
516 531
517 574
518 13
519 23
52 1293
520 852
521 725
522 138
523 653
524 1459
525 194
526 931
527 984
528 2059
529 945
53 1084
530 821
531 897
532 900
533 1240
534 128
535 168
536 975
537 1123
538 174
539 80
54 137
540 701
541 802
542 906
543 2060
544 626
545 627
546 519
547 201
548 774
549 493
55 1455
550 805
551 1058
552 15
553 96
554 756
555 583
556 742
557 613
558 259
559 644
56 1133
560 1684
561 1129
562 1230
563 1079
564 940
565 450
566 267
567 1189
568 357
569 384
57 646
570 511
571 551
572 595
573 794
574 600
575 494
576 796
577 407
578 750
579 772
58 550
580 1128
581 1596
582 1797
583 26
584 670
585 74
586 607
587 960
588 281
589 815
59 712
590 200
591 1350
592 285
593 939
594 979
595 444
596 830
597 205
598 739
599 738
6 453
60 1510
600 387
601 949
602 167
603 363
604 713
605 39
606 1264
607 1371
608 118
609 834
61 1000
610 761
611 962
612 523
613 1391
614 2070
615 286
616 139
617 424
618 702
619 593
62 1308
620 934
621 936
622 1327
623 935
624 1187
625 1003
626 576
627 2074
628 414
629 292
63 364
630 293
631 826
632 31
633 606
634 231
635 2047
636 1802
637 1339
638 1761
639 721
64 394
640 1131
641 54
642 1008
643 381
644 527
645 1102
646 154
647 1169
648 1116
649 683
65 743
650 662
651 3
652 522
653 1890
654 660
655 730
656 505
657 504
658 836
659 434
66 1564
660 479
661 377
662 432
663 480
664 621
665 784
666 841
667 839
668 150
669 548
67 596
670 1860
671 386
672 1869
673 100
674 452
675 1099
676 1297
677 35
678 29
679 1049
68 1569
680 532
681 735
682 372
683 199
684 1263
685 92
686 177
687 93
688 880
689 1303
69 623
690 34
691 2
692 983
693 1368
694 755
695 1286
696 2073
697 102
698 151
699 210
7 528
70 847
700 715
701 723
702 555
703 953
704 972
705 1447
706 119
707 1122
708 1043
709 1044
71 1182
710 317
711 114
712 516
713 1384
714 604
715 777
716 778
717 1416
718 433
719 1033
72 1336
720 987
721 685
722 448
723 16
724 1351
725 1305
726 423
727 346
728 347
729 33
73 1590
730 914
731 474
732 89
733 461
734 460
735 390
736 709
737 32
738 301
739 308
74 1592
740 1198
741 856
742 258
743 475
744 171
745 198
746 197
747 603
748 103
749 234
75 838
750 515
751 459
752 457
753 413
754 1067
755 209
756 771
757 1420
758 988
759 986
76 1337
760 965
761 1341
762 575
763 187
764 17
765 530
766 1155
767 911
768 345
769 175
77 389
770 342
771 166
772 737
773 117
774 311
775 762
776 2088
777 790
778 7
779 251
78 261
780 133
781 1013
782 1729
783 46
784 1
785 24
786 927
787 1356
788 518
789 300
79 272
790 951
791 907
792 1208
793 1199
794 768
795 374
796 1344
797 76
798 1385
799 793
8 69
80 1603
800 188
801 1066
802 78
803 1508
804 786
805 872
806 1523
807 395
808 392
809 396
81 978
810 896
811 1374
812 1411
813 391
814 20
815 944
816 485
817 966
818 1197
819 232
82 835
820 655
821 422
822 824
823 2075
824 696
825 1427
826 1081
827 733
828 537
829 1309
83 393
830 1566
831 481
832 938
833 961
834 483
835 430
836 429
837 1340
838 61
839 1712
84 476
840 271
841 881
842 1055
843 686
844 2103
845 1239
846 714
847 21
848 297
849 1370
85 787
850 428
851 2061
852 449
853 412
854 1373
855 462
856 442
857 763
858 1012
859 1200
86 75
860 699
861 698
862 124
863 764
864 765
865 766
866 382
867 86
868 56
869 704
87 754
870 2050
871 573
872 10
873 879
874 1788
875 478
876 164
877 431
878 1605
879 820
88 809
880 307
881 1751
882 249
883 2089
884 1333
885 1004
886 482
887 94
888 800
889 2109
89 773
890 2110
891 1315
892 954
893 383
894 1591
895 2007
896 534
897 1646
898 1167
899 546
9 643
90 125
900 899
901 581
902 582
903 1274
904 1078
905 99
906 746
907 507
908 451
909 2037
91 373
910 624
911 722
912 1082
913 1688
914 1097
915 1400
916 388
917 1143
918 724
919 18
92 1320
920 592
921 172
922 1714
923 923
924 1630
925 71
926 791
927 719
928 521
929 1077
93 189
930 1184
931 48
932 703
933 354
934 1229
935 517
936 672
937 1020
938 919
939 758
94 185
940 920
941 1185
942 1406
943 1407
944 1001
945 665
946 120
947 298
948 438
949 366
95 599
950 947
951 997
952 12
953 50
954 27
955 924
956 605
957 663
958 2104
959 848
96 1687
960 1527
961 2048
962 218
963 891
964 926
965 925
966 1005
967 170
968 875
969 1262
97 365
970 355
971 1457
972 1456
973 1390
974 358
975 941
976 587
977 883
978 1142
979 473
98 1130
980 840
981 1326
982 1325
983 990
984 1294
985 296
986 477
987 182
988 858
989 1321
99 11
990 849
991 1593
992 1304
993 40
994 456
995 857
996 458
997 1689
998 184
999 181
